0.01 2686
0.02 1337
0.03 887
0.04 662
0.05 527
0.06 437
0.07 372
0.08 324
0.09 287
0.1 257
0.11 232
0.12 212
0.13 194
0.14 179
0.15 167
0.16 155
0.17 145
0.18 197
0.19 714
0.2 12019
0.21 4666
0.22 2992
0.23 2249
0.24 1828
0.25 1556
0.26 1366
0.27 1226
0.28 1117
0.29 1031
0.3 960
0.31 902
0.32 852
0.33 810
0.34 773
0.35 740
0.36 711
0.37 686
0.38 663
0.39 642
0.4 623
0.41 606
0.42 590
0.43 576
0.44 562
0.45 550
0.46 538
0.47 527
0.48 517
0.49 508
0.5 499
0.51 490
0.52 482
0.53 475
0.54 468
0.55 461
0.56 455
0.57 449
0.58 443
0.59 437
0.6 432
0.61 427
0.62 422
0.63 417
0.64 413
0.65 409
0.66 404
0.67 400
0.68 397
0.69 393
0.7 389
0.71 386
0.72 383
0.73 379
0.74 376
0.75 373
0.76 370
0.77 367
0.78 365
0.79 362
0.8 359
0.81 357
0.82 354
0.83 352
0.84 350
0.85 347
0.86 345
0.87 343
0.88 341
0.89 339
0.9 337
0.91 335
0.92 333
0.93 331
0.94 329
0.95 328
0.96 326
0.97 324
0.98 322
0.99 321
1 319
1.01 318
1.02 316
1.03 315
1.04 313
1.05 312
1.06 310
1.07 309
1.08 308
1.09 306
1.1 305
1.11 304
1.12 302
1.13 301
1.14 300
1.15 299
1.16 298
1.17 296
1.18 295
1.19 294
1.2 293
1.21 292
1.22 291
1.23 290
1.24 289
1.25 288
1.26 287
1.27 286
1.28 285
1.29 284
1.3 283
1.31 282
1.32 281
1.33 280
1.34 279
1.35 279
1.36 278
1.37 277
1.38 276
1.39 275
1.4 274
1.41 274
1.42 273
1.43 272
1.44 271
1.45 271
1.46 270
1.47 269
1.48 268
1.49 268
1.5 267
1.51 266
1.52 265
1.53 265
1.54 264
1.55 263
1.56 263
1.57 262
1.58 261
1.59 261
1.6 260
1.61 260
1.62 259
1.63 258
1.64 258
1.65 257
1.66 257
1.67 256
1.68 255
1.69 255
1.7 254
1.71 254
1.72 253
1.73 253
1.74 252
1.75 252
1.76 251
1.77 250
1.78 250
1.79 249
1.8 249
1.81 248
1.82 248
1.83 247
1.84 247
1.85 246
1.86 246
1.87 245
1.88 245
1.89 245
1.9 244
1.91 244
1.92 243
1.93 243
1.94 242
1.95 242
1.96 241
1.97 241
1.98 241
1.99 240
2 240
2.01 239
2.02 239
2.03 238
2.04 238
2.05 238
2.06 237
2.07 237
2.08 236
2.09 236
2.1 236
2.11 235
2.12 235
2.13 235
2.14 234
2.15 234
2.16 233
2.17 233
2.18 233
2.19 232
2.2 232
2.21 232
2.22 231
2.23 231
2.24 231
2.25 230
2.26 230
2.27 230
2.28 229
2.29 229
2.3 229
2.31 228
2.32 228
2.33 228
2.34 227
2.35 227
2.36 227
2.37 226
2.38 226
2.39 226
2.4 225
2.41 225
2.42 225
2.43 224
2.44 224
2.45 224
2.46 224
2.47 223
2.48 223
2.49 223
2.5 222
2.51 222
2.52 222
2.53 222
2.54 221
2.55 221
2.56 221
2.57 220
2.58 220
2.59 220
2.6 220
2.61 219
2.62 219
2.63 219
2.64 219
2.65 218
2.66 218
2.67 218
2.68 218
2.69 217
2.7 217
2.71 217
2.72 217
2.73 216
2.74 216
2.75 216
2.76 216
2.77 215
2.78 215
2.79 215
2.8 215
2.81 214
2.82 214
2.83 214
2.84 214
2.85 213
2.86 213
2.87 213
2.88 213
2.89 212
2.9 212
2.91 212
2.92 212
2.93 212
2.94 211
2.95 211
2.96 211
2.97 211
2.98 211
2.99 210
3 210
3.01 210
3.02 210
3.03 209
3.04 209
3.05 209
3.06 209
3.07 209
3.08 208
3.09 208
3.1 208
3.11 208
3.12 208
3.13 207
3.14 207
3.15 207
3.16 207
3.17 207
3.18 206
3.19 206
3.2 206
3.21 206
3.22 206
3.23 206
3.24 205
3.25 205
3.26 205
3.27 205
3.28 205
3.29 204
3.3 204
3.31 204
3.32 204
3.33 204
3.34 204
3.35 203
3.36 203
3.37 203
3.38 203
3.39 203
3.4 202
3.41 202
3.42 202
3.43 202
3.44 202
3.45 202
3.46 201
3.47 201
3.48 201
3.49 201
3.5 201
3.51 201
3.52 200
3.53 200
3.54 200
3.55 200
3.56 200
3.57 200
3.58 199
3.59 199
3.6 199
3.61 199
3.62 199
3.63 199
3.64 199
3.65 198
3.66 198
3.67 198
3.68 198
3.69 198
3.7 198
3.71 197
3.72 197
3.73 197
3.74 197
3.75 197
3.76 197
3.77 197
3.78 196
3.79 196
3.8 196
3.81 196
3.82 196
3.83 196
3.84 196
3.85 195
3.86 195
3.87 195
3.88 195
3.89 195
3.9 195
3.91 195
3.92 194
3.93 194
3.94 194
3.95 194
3.96 194
3.97 194
3.98 194
3.99 194
4 193
4.01 193
4.02 193
4.03 193
4.04 193
4.05 193
4.06 193
4.07 192
4.08 192
4.09 192
4.1 192
4.11 192
4.12 192
4.13 192
4.14 192
4.15 191
4.16 191
4.17 191
4.18 191
4.19 191
4.2 191
4.21 191
4.22 191
4.23 190
4.24 190
4.25 190
4.26 190
4.27 190
4.28 190
4.29 190
4.3 190
4.31 189
4.32 189
4.33 189
4.34 189
4.35 189
4.36 189
4.37 189
4.38 189
4.39 189
4.4 188
4.41 188
4.42 188
4.43 188
4.44 188
4.45 188
4.46 188
4.47 188
4.48 188
4.49 187
4.5 187
4.51 187
4.52 187
4.53 187
4.54 187
4.55 187
4.56 187
4.57 187
4.58 186
4.59 186
4.6 186
4.61 186
4.62 186
4.63 186
4.64 186
4.65 186
4.66 186
4.67 185
4.68 185
4.69 185
4.7 185
4.71 185
4.72 185
4.73 185
4.74 185
4.75 185
4.76 185
4.77 184
4.78 184
4.79 184
4.8 184
4.81 184
4.82 184
4.83 184
4.84 184
4.85 184
4.86 184
4.87 183
4.88 183
4.89 183
4.9 183
4.91 183
4.92 183
4.93 183
4.94 183
4.95 183
4.96 183
4.97 182
4.98 182
4.99 182
5 182
