10 216
10.1 200
10.2 176
10.3 160
10.4 144
10.5 136
10.6 128
10.7 120
10.8 112
10.9 104
11 104
11.1 96
11.2 88
11.3 88
11.4 80
11.5 80
11.6 72
11.7 72
11.8 64
11.9 64
12 64
12.1 56
12.2 56
12.3 56
12.4 48
12.5 48
12.6 48
12.7 48
12.8 40
12.9 40
13 32
13.1 32
13.2 32
13.3 32
13.4 40
13.5 32
13.6 32
13.7 32
13.8 32
13.9 32
14 32
14.1 32
14.2 32
14.3 40
14.4 40
14.5 40
14.6 40
14.7 40
14.8 40
14.9 40
15 40
15.1 40
15.2 32
15.3 32
15.4 40
15.5 32
15.6 32
15.7 40
15.8 32
15.9 40
16 40
16.1 40
16.2 40
16.3 40
16.4 40
16.5 40
16.6 40
16.7 40
16.8 40
16.9 40
17 40
17.1 40
17.2 40
17.3 40
17.4 40
17.5 40
17.6 40
17.7 40
17.8 40
17.9 40
18 40
18.1 40
18.2 40
18.3 40
18.4 40
18.5 40
18.6 40
18.7 40
18.8 40
18.9 32
19 32
19.1 32
19.2 32
19.3 40
19.4 40
19.5 40
19.6 40
19.7 40
19.8 40
19.9 40
20 40
20.1 40
20.2 48
20.3 48
20.4 40
20.5 48
20.6 48
20.7 48
20.8 48
20.9 48
21 48
21.1 48
21.2 48
21.3 48
21.4 48
21.5 48
21.6 48
21.7 48
21.8 48
21.9 48
22 48
22.1 48
22.2 48
22.3 48
22.4 48
22.5 48
22.6 48
22.7 48
22.8 48
22.9 48
23 48
23.1 48
23.2 48
23.3 48
23.4 48
23.5 48
23.6 48
23.7 48
23.8 48
23.9 48
24 48
24.1 48
24.2 48
24.3 48
24.4 48
24.5 48
24.6 48
24.7 48
24.8 48
24.9 48
25 48
25.1 48
25.2 48
25.3 48
25.4 48
25.5 48
25.6 40
25.7 40
25.8 40
25.9 40
26 40
26.1 40
26.2 40
26.3 32
26.4 32
26.5 40
26.6 40
26.7 40
26.8 40
26.9 40
27 48
27.1 48
27.2 40
27.3 48
27.4 48
27.5 48
27.6 48
27.7 48
27.8 48
27.9 48
28 48
28.1 48
28.2 56
28.3 56
28.4 56
28.5 56
28.6 56
28.7 56
28.8 48
28.9 48
29 48
29.1 56
29.2 56
29.3 56
29.4 56
29.5 56
29.6 56
29.7 56
29.8 56
29.9 56
30 56
30.1 56
30.2 56
30.3 56
30.4 56
30.5 56
30.6 56
30.7 56
30.8 56
30.9 64
31 64
31.1 64
31.2 56
31.3 56
31.4 56
31.5 56
31.6 56
31.7 56
31.8 64
31.9 56
32 56
32.1 64
32.2 64
32.3 64
32.4 64
32.5 64
32.6 64
32.7 64
32.8 64
32.9 64
33 64
33.1 64
33.2 64
33.3 64
33.4 64
33.5 64
33.6 64
33.7 64
33.8 64
33.9 64
34 64
34.1 64
34.2 64
34.3 64
34.4 64
34.5 64
34.6 64
34.7 64
34.8 64
34.9 64
35 64
35.1 64
35.2 64
35.3 64
35.4 64
35.5 64
35.6 64
35.7 64
35.8 64
35.9 64
36 64
36.1 64
36.2 64
36.3 64
36.4 64
36.5 64
36.6 64
36.7 64
36.8 64
36.9 64
37 64
37.1 64
37.2 64
37.3 64
37.4 64
37.5 64
37.6 64
37.7 64
37.8 64
37.9 64
38 64
38.1 64
38.2 64
38.3 64
38.4 64
38.5 64
38.6 64
38.7 64
38.8 64
38.9 64
39 64
39.1 64
39.2 64
39.3 64
39.4 64
39.5 56
39.6 64
39.7 64
39.8 64
39.9 64
40 56
40.1 56
40.2 56
40.3 56
40.4 56
40.5 56
40.6 56
40.7 56
40.8 56
40.9 56
41 56
41.1 56
41.2 56
41.3 56
41.4 56
41.5 56
41.6 56
41.7 56
41.8 56
41.9 56
42 56
42.1 56
42.2 56
42.3 56
42.4 56
42.5 56
42.6 56
42.7 56
42.8 56
42.9 56
43 56
43.1 56
43.2 56
43.3 48
43.4 56
43.5 56
43.6 56
43.7 48
43.8 48
43.9 48
44 48
44.1 40
44.2 40
44.3 40
44.4 40
44.5 24
44.6 40
44.7 40
44.8 40
44.9 48
45 48
45.1 48
45.2 48
45.3 48
45.4 48
45.5 48
45.6 56
45.7 48
45.8 56
45.9 56
46 56
46.1 56
46.2 56
46.3 56
46.4 56
46.5 56
46.6 56
46.7 56
46.8 56
46.9 64
47 64
47.1 64
47.2 56
47.3 56
47.4 64
47.5 64
47.6 64
47.7 64
47.8 64
47.9 64
48 64
48.1 64
48.2 64
48.3 64
48.4 64
48.5 64
48.6 64
48.7 64
48.8 64
48.9 64
49 64
49.1 64
49.2 64
49.3 64
49.4 64
49.5 72
49.6 72
49.7 72
49.8 72
49.9 64
