0.00661157 0.00440771
0.00264463 -0.00176309
0.00502479 0.00687603
0.00359669 -0.00521873
0.00445355 0.0117139
0.00393944 -0.0119918
0.00424791 0.0211962
0.00406283 -0.025267
0.00417387 0.0397815
0.00410725 -0.0512864
0.00414722 0.0762087
0.00412324 -0.102285
0.00413763 0.147606
0.00412899 -0.202241
0.00413417 0.287545
0.00413107 -0.398155
0.00413293 0.561825
0.00413181 -0.782147
0.00413248 1.09941
0.00413208 -1.53477
0.00413232 2.15309
0.00413218 -3.00991
0.00413226 4.21829
0.00413221 -5.90119
0.00413224 8.26608
0.00413222 -11.5681
0.00413224 16.1998
0.00413223 -22.6752
0.00413223 31.7497
0.00413223 -44.4452
0.00413223 62.2277
0.00413223 -87.1144
0.00413223 121.965
0.00413223 -170.746
0.00413223 239.049
0.00413223 -334.664
0.00413223 468.534
0.00413223 -655.943
0.00413223 918.325
0.00413223 -1285.65
0.00413223 1799.92
0.00413223 -2519.88
0.00413223 3527.83
0.00413223 -4938.96
0.00413223 6914.55
0.00413223 -9680.36
0.00413223 13552.5
0.00413223 -18973.5
0.00413223 26562.9
0.00413223 -37188.1
0.00413223 52063.3
0.00413223 -72888.7
0.00413223 102044
0.00413223 -142862
0.00413223 200006
0.00413223 -280009
0.00413223 392013
0.00413223 -548818
0.00413223 768345
0.00413223 -1.07568e+06
0.00413223 1.50596e+06
0.00413223 -2.10834e+06
0.00413223 2.95167e+06
0.00413223 -4.13234e+06
0.00413223 5.78528e+06
0.00413223 -8.09939e+06
0.00413223 1.13392e+07
0.00413223 -1.58748e+07
0.00413223 2.22247e+07
0.00413223 -3.11146e+07
0.00413223 4.35605e+07
0.00413223 -6.09847e+07
0.00413223 8.53785e+07
0.00413223 -1.1953e+08
0.00413223 1.67342e+08
0.00413223 -2.34279e+08
0.00413223 3.2799e+08
0.00413223 -4.59186e+08
0.00413223 6.42861e+08
0.00413223 -9.00005e+08
0.00413223 1.26001e+09
0.00413223 -1.76401e+09
0.00413223 2.46961e+09
0.00413223 -3.45746e+09
0.00413223 4.84044e+09
0.00413223 -6.77662e+09
0.00413223 9.48727e+09
0.00413223 -1.32822e+10
0.00413223 1.8595e+10
0.00413223 -2.60331e+10
0.00413223 3.64463e+10
0.00413223 -5.10248e+10
0.00413223 7.14347e+10
0.00413223 -1.00009e+11
0.00413223 1.40012e+11
0.00413223 -1.96017e+11
0.00413223 2.74424e+11
0.00413223 -3.84193e+11
0.00413223 5.3787e+11
0.00413223 -7.53019e+11
0.00413223 1.05423e+12
0.00413223 -1.47592e+12
0.00413223 2.06628e+12
0.00413223 -2.8928e+12
0.00413223 4.04991e+12
0.00413223 -5.66988e+12
0.00413223 7.93783e+12
0.00413223 -1.1113e+13
0.00413223 1.55582e+13
0.00413223 -2.17814e+13
0.00413223 3.0494e+13
0.00413223 -4.26916e+13
0.00413223 5.97682e+13
0.00413223 -8.36755e+13
0.00413223 1.17146e+14
0.00413223 -1.64004e+14
0.00413223 2.29606e+14
0.00413223 -3.21448e+14
0.00413223 4.50027e+14
0.00413223 -6.30037e+14
0.00413223 8.82052e+14
0.00413223 -1.23487e+15
0.00413223 1.72882e+15
0.00413223 -2.42035e+15
0.00413223 3.38849e+15
0.00413223 -4.74389e+15
0.00413223 6.64145e+15
0.00413223 -9.29802e+15
0.00413223 1.30172e+16
0.00413223 -1.82241e+16
0.00413223 2.55138e+16
0.00413223 -3.57193e+16
0.00413223 5.0007e+16
0.00413223 -7.00098e+16
0.00413223 9.80137e+16
0.00413223 -1.37219e+17
0.00413223 1.92107e+17
0.00413223 -2.6895e+17
0.00413223 3.7653e+17
0.00413223 -5.27141e+17
0.00413223 7.37998e+17
0.00413223 -1.0332e+18
0.00413223 1.44648e+18
0.00413223 -2.02507e+18
0.00413223 2.83509e+18
0.00413223 -3.96913e+18
0.00413223 5.55678e+18
0.00413223 -7.77949e+18
0.00413223 1.08913e+19
0.00413223 -1.52478e+19
0.00413223 2.13469e+19
0.00413223 -2.98857e+19
0.00413223 4.184e+19
0.00413223 -5.8576e+19
0.00413223 8.20064e+19
0.00413223 -1.14809e+20
0.00413223 1.60733e+20
0.00413223 -2.25026e+20
0.00413223 3.15036e+20
0.00413223 -4.4105e+20
0.00413223 6.1747e+20
0.00413223 -8.64458e+20
0.00413223 1.21024e+21
0.00413223 -1.69434e+21
0.00413223 2.37207e+21
0.00413223 -3.3209e+21
0.00413223 4.64926e+21
0.00413223 -6.50897e+21
0.00413223 9.11255e+21
0.00413223 -1.27576e+22
0.00413223 1.78606e+22
0.00413223 -2.50048e+22
0.00413223 3.50068e+22
0.00413223 -4.90095e+22
0.00413223 6.86133e+22
0.00413223 -9.60586e+22
0.00413223 1.34482e+23
0.00413223 -1.88275e+23
0.00413223 2.63585e+23
0.00413223 -3.69019e+23
0.00413223 5.16626e+23
0.00413223 -7.23277e+23
0.00413223 1.01259e+24
0.00413223 -1.41762e+24
0.00413223 1.98467e+24
0.00413223 -2.77854e+24
0.00413223 3.88996e+24
0.00413223 -5.44594e+24
0.00413223 7.62432e+24
0.00413223 -1.0674e+25
0.00413223 1.49437e+25
0.00413223 -2.09211e+25
0.00413223 2.92896e+25
0.00413223 -4.10054e+25
0.00413223 5.74076e+25
0.00413223 -8.03706e+25
0.00413223 1.12519e+26
0.00413223 -1.57526e+26
0.00413223 2.20537e+26
0.00413223 -3.08752e+26
0.00413223 4.32252e+26
0.00413223 -6.05153e+26
0.00413223 8.47214e+26
0.00413223 -1.1861e+27
0.00413223 1.66054e+27
0.00413223 -2.32476e+27
0.00413223 3.25466e+27
0.00413223 -4.55652e+27
0.00413223 6.37913e+27
0.00413223 -8.93078e+27
0.00413223 1.25031e+28
0.00413223 -1.75043e+28
0.00413223 2.45061e+28
0.00413223 -3.43085e+28
0.00413223 4.80319e+28
0.00413223 -6.72447e+28
0.00413223 9.41425e+28
0.00413223 -1.318e+29
0.00413223 1.84519e+29
0.00413223 -2.58327e+29
0.00413223 3.61658e+29
0.00413223 -5.06321e+29
0.00413223 7.0885e+29
0.00413223 -9.92389e+29
0.00413223 1.38935e+30
0.00413223 -1.94508e+30
0.00413223 2.72312e+30
0.00413223 -3.81236e+30
0.00413223 5.33731e+30
0.00413223 -7.47223e+30
0.00413223 1.04611e+31
0.00413223 -1.46456e+31
0.00413223 2.05038e+31
0.00413223 -2.87053e+31
0.00413223 4.01875e+31
0.00413223 -5.62624e+31
0.00413223 7.87674e+31
0.00413223 -1.10274e+32
0.00413223 1.54384e+32
0.00413223 -2.16138e+32
0.00413223 3.02593e+32
0.00413223 -4.2363e+32
0.00413223 5.93082e+32
0.00413223 -8.30315e+32
0.00413223 1.16244e+33
0.00413223 -1.62742e+33
0.00413223 2.27838e+33
0.00413223 -3.18974e+33
0.00413223 4.46563e+33
0.00413223 -6.25189e+33
0.00413223 8.75264e+33
0.00413223 -1.22537e+34
0.00413223 1.71552e+34
0.00413223 -2.40172e+34
0.00413223 3.36241e+34
0.00413223 -4.70738e+34
0.00413223 6.59033e+34
0.00413223 -9.22646e+34
0.00413223 1.29171e+35
0.00413223 -1.80839e+35
0.00413223 2.53174e+35
0.00413223 -3.54444e+35
0.00413223 4.96221e+35
0.00413223 -6.9471e+35
0.00413223 9.72594e+35
0.00413223 -1.36163e+36
0.00413223 1.90628e+36
0.00413223 -2.6688e+36
0.00413223 3.73632e+36
0.00413223 -5.23084e+36
0.00413223 7.32318e+36
0.00413223 -1.02525e+37
0.00413223 1.43534e+37
0.00413223 -2.00948e+37
0.00413223 2.81327e+37
0.00413223 -3.93858e+37
0.00413223 5.51402e+37
0.00413223 -7.71962e+37
0.00413223 1.08075e+38
0.00413223 -1.51305e+38
0.00413223 2.11826e+38
0.00413223 -2.96557e+38
0.00413223 4.1518e+38
0.00413223 -5.81252e+38
0.00413223 8.13752e+38
0.00413223 -1.13925e+39
0.00413223 1.59495e+39
0.00413223 -2.23294e+39
0.00413223 3.12611e+39
0.00413223 -4.37656e+39
0.00413223 6.12718e+39
0.00413223 -8.57805e+39
0.00413223 1.20093e+40
0.00413223 -1.6813e+40
0.00413223 2.35382e+40
0.00413223 -3.29534e+40
0.00413223 4.61348e+40
0.00413223 -6.45887e+40
0.00413223 9.04242e+40
0.00413223 -1.26594e+41
0.00413223 1.77231e+41
0.00413223 -2.48124e+41
0.00413223 3.47374e+41
0.00413223 -4.86323e+41
0.00413223 6.80852e+41
0.00413223 -9.53193e+41
0.00413223 1.33447e+42
0.00413223 -1.86826e+42
0.00413223 2.61556e+42
0.00413223 -3.66179e+42
0.00413223 5.1265e+42
0.00413223 -7.1771e+42
0.00413223 1.00479e+43
0.00413223 -1.40671e+43
0.00413223 1.9694e+43
0.00413223 -2.75716e+43
0.00413223 3.86002e+43
0.00413223 -5.40403e+43
0.00413223 7.56564e+43
0.00413223 -1.05919e+44
0.00413223 1.48286e+44
0.00413223 -2.07601e+44
0.00413223 2.90642e+44
0.00413223 -4.06898e+44
0.00413223 5.69657e+44
0.00413223 -7.9752e+44
0.00413223 1.11653e+45
0.00413223 -1.56314e+45
0.00413223 2.1884e+45
0.00413223 -3.06375e+45
0.00413223 4.28926e+45
0.00413223 -6.00496e+45
0.00413223 8.40694e+45
0.00413223 -1.17697e+46
0.00413223 1.64776e+46
0.00413223 -2.30686e+46
0.00413223 3.22961e+46
0.00413223 -4.52145e+46
0.00413223 6.33004e+46
0.00413223 -8.86205e+46
0.00413223 1.24069e+47
0.00413223 -1.73696e+47
0.00413223 2.43175e+47
0.00413223 -3.40445e+47
0.00413223 4.76622e+47
0.00413223 -6.67271e+47
0.00413223 9.3418e+47
0.00413223 -1.30785e+48
0.00413223 1.83099e+48
0.00413223 -2.56339e+48
0.00413223 3.58875e+48
0.00413223 -5.02424e+48
0.00413223 7.03394e+48
0.00413223 -9.84752e+48
0.00413223 1.37865e+49
0.00413223 -1.93011e+49
0.00413223 2.70216e+49
0.00413223 -3.78302e+49
0.00413223 5.29623e+49
0.00413223 -7.41472e+49
0.00413223 1.03806e+50
0.00413223 -1.45329e+50
0.00413223 2.0346e+50
0.00413223 -2.84844e+50
0.00413223 3.98782e+50
0.00413223 -5.58294e+50
0.00413223 7.81612e+50
0.00413223 -1.09426e+51
0.00413223 1.53196e+51
0.00413223 -2.14474e+51
0.00413223 3.00264e+51
0.00413223 -4.2037e+51
0.00413223 5.88518e+51
0.00413223 -8.23925e+51
0.00413223 1.15349e+52
0.00413223 -1.61489e+52
0.00413223 2.26085e+52
0.00413223 -3.16519e+52
0.00413223 4.43126e+52
0.00413223 -6.20377e+52
0.00413223 8.68528e+52
0.00413223 -1.21594e+53
0.00413223 1.70231e+53
0.00413223 -2.38324e+53
0.00413223 3.33654e+53
0.00413223 -4.67115e+53
0.00413223 6.53961e+53
0.00413223 -9.15546e+53
0.00413223 1.28176e+54
0.00413223 -1.79447e+54
0.00413223 2.51226e+54
0.00413223 -3.51716e+54
0.00413223 4.92402e+54
0.00413223 -6.89363e+54
0.00413223 9.65109e+54
0.00413223 -1.35115e+55
0.00413223 1.89161e+55
0.00413223 -2.64826e+55
0.00413223 3.70756e+55
0.00413223 -5.19059e+55
0.00413223 7.26682e+55
0.00413223 -1.01735e+56
0.00413223 1.4243e+56
0.00413223 -1.99402e+56
0.00413223 2.79162e+56
0.00413223 -3.90827e+56
0.00413223 5.47158e+56
0.00413223 -7.66021e+56
0.00413223 1.07243e+57
0.00413223 -1.5014e+57
0.00413223 2.10196e+57
0.00413223 -2.94275e+57
0.00413223 4.11984e+57
0.00413223 -5.76778e+57
0.00413223 8.0749e+57
0.00413223 -1.13049e+58
0.00413223 1.58268e+58
0.00413223 -2.21575e+58
0.00413223 3.10205e+58
0.00413223 -4.34287e+58
0.00413223 6.08002e+58
0.00413223 -8.51203e+58
0.00413223 1.19168e+59
0.00413223 -1.66836e+59
0.00413223 2.3357e+59
0.00413223 -3.26998e+59
0.00413223 4.57797e+59
0.00413223 -6.40916e+59
0.00413223 8.97283e+59
0.00413223 -1.2562e+60
0.00413223 1.75867e+60
0.00413223 -2.46214e+60
0.00413223 3.447e+60
0.00413223 -4.8258e+60
0.00413223 6.75612e+60
0.00413223 -9.45857e+60
0.00413223 1.3242e+61
0.00413223 -1.85388e+61
0.00413223 2.59543e+61
0.00413223 -3.63361e+61
0.00413223 5.08705e+61
0.00413223 -7.12187e+61
0.00413223 9.97061e+61
0.00413223 -1.39589e+62
0.00413223 1.95424e+62
0.00413223 -2.73594e+62
0.00413223 3.83031e+62
0.00413223 -5.36244e+62
0.00413223 7.50741e+62
0.00413223 -1.05104e+63
0.00413223 1.47145e+63
0.00413223 -2.06003e+63
0.00413223 2.88405e+63
0.00413223 -4.03767e+63
0.00413223 5.65273e+63
0.00413223 -7.91382e+63
0.00413223 1.10794e+64
0.00413223 -1.55111e+64
0.00413223 2.17155e+64
0.00413223 -3.04017e+64
0.00413223 4.25624e+64
0.00413223 -5.95874e+64
0.00413223 8.34224e+64
0.00413223 -1.16791e+65
0.00413223 1.63508e+65
0.00413223 -2.28911e+65
0.00413223 3.20475e+65
0.00413223 -4.48666e+65
0.00413223 6.28132e+65
0.00413223 -8.79385e+65
0.00413223 1.23114e+66
0.00413223 -1.72359e+66
0.00413223 2.41303e+66
0.00413223 -3.37824e+66
0.00413223 4.72954e+66
0.00413223 -6.62136e+66
0.00413223 9.2699e+66
0.00413223 -1.29779e+67
0.00413223 1.8169e+67
0.00413223 -2.54366e+67
0.00413223 3.56113e+67
0.00413223 -4.98558e+67
0.00413223 6.97981e+67
0.00413223 -9.77173e+67
0.00413223 1.36804e+68
0.00413223 -1.91526e+68
0.00413223 2.68136e+68
0.00413223 -3.75391e+68
0.00413223 5.25547e+68
0.00413223 -7.35766e+68
0.00413223 1.03007e+69
0.00413223 -1.4421e+69
0.00413223 2.01894e+69
0.00413223 -2.82652e+69
0.00413223 3.95713e+69
0.00413223 -5.53998e+69
0.00413223 7.75597e+69
0.00413223 -1.08584e+70
0.00413223 1.52017e+70
0.00413223 -2.12824e+70
0.00413223 2.97953e+70
0.00413223 -4.17134e+70
0.00413223 5.83988e+70
0.00413223 -8.17583e+70
0.00413223 1.14462e+71
0.00413223 -1.60246e+71
0.00413223 2.24345e+71
0.00413223 -3.14083e+71
0.00413223 4.39716e+71
0.00413223 -6.15602e+71
0.00413223 8.61843e+71
0.00413223 -1.20658e+72
0.00413223 1.68921e+72
0.00413223 -2.3649e+72
0.00413223 3.31086e+72
0.00413223 -4.6352e+72
0.00413223 6.48928e+72
0.00413223 -9.08499e+72
0.00413223 1.2719e+73
0.00413223 -1.78066e+73
0.00413223 2.49292e+73
0.00413223 -3.49009e+73
0.00413223 4.88613e+73
0.00413223 -6.84058e+73
0.00413223 9.57681e+73
0.00413223 -1.34075e+74
0.00413223 1.87705e+74
0.00413223 -2.62788e+74
0.00413223 3.67903e+74
0.00413223 -5.15064e+74
0.00413223 7.21089e+74
0.00413223 -1.00953e+75
0.00413223 1.41334e+75
0.00413223 -1.97867e+75
0.00413223 2.77014e+75
0.00413223 -3.87819e+75
0.00413223 5.42947e+75
0.00413223 -7.60126e+75
0.00413223 1.06418e+76
0.00413223 -1.48985e+76
0.00413223 2.08578e+76
0.00413223 -2.9201e+76
0.00413223 4.08814e+76
0.00413223 -5.72339e+76
0.00413223 8.01275e+76
0.00413223 -1.12178e+77
0.00413223 1.5705e+77
0.00413223 -2.1987e+77
0.00413223 3.07818e+77
0.00413223 -4.30945e+77
0.00413223 6.03323e+77
0.00413223 -8.44652e+77
0.00413223 1.18251e+78
0.00413223 -1.65552e+78
0.00413223 2.31773e+78
0.00413223 -3.24482e+78
0.00413223 4.54274e+78
0.00413223 -6.35984e+78
0.00413223 8.90377e+78
0.00413223 -1.24653e+79
0.00413223 1.74514e+79
0.00413223 -2.4432e+79
0.00413223 3.42047e+79
0.00413223 -4.78866e+79
0.00413223 6.70413e+79
0.00413223 -9.38578e+79
0.00413223 1.31401e+80
0.00413223 -1.83961e+80
0.00413223 2.57546e+80
0.00413223 -3.60564e+80
0.00413223 5.0479e+80
0.00413223 -7.06706e+80
0.00413223 9.89388e+80
0.00413223 -1.38514e+81
0.00413223 1.9392e+81
0.00413223 -2.71488e+81
0.00413223 3.80083e+81
0.00413223 -5.32117e+81
0.00413223 7.44963e+81
0.00413223 -1.04295e+82
0.00413223 1.46013e+82
0.00413223 -2.04418e+82
0.00413223 2.86185e+82
0.00413223 -4.00659e+82
0.00413223 5.60923e+82
0.00413223 -7.85292e+82
0.00413223 1.09941e+83
0.00413223 -1.53917e+83
0.00413223 2.15484e+83
0.00413223 -3.01678e+83
0.00413223 4.22349e+83
0.00413223 -5.91288e+83
0.00413223 8.27804e+83
0.00413223 -1.15892e+84
0.00413223 1.62249e+84
0.00413223 -2.27149e+84
0.00413223 3.18009e+84
0.00413223 -4.45213e+84
0.00413223 6.23298e+84
0.00413223 -8.72617e+84
0.00413223 1.22166e+85
0.00413223 -1.71033e+85
0.00413223 2.39446e+85
0.00413223 -3.35224e+85
0.00413223 4.69314e+85
0.00413223 -6.5704e+85
0.00413223 9.19856e+85
0.00413223 -1.2878e+86
0.00413223 1.80292e+86
0.00413223 -2.52408e+86
0.00413223 3.53372e+86
0.00413223 -4.94721e+86
0.00413223 6.92609e+86
0.00413223 -9.69652e+86
0.00413223 1.35751e+87
0.00413223 -1.90052e+87
0.00413223 2.66073e+87
0.00413223 -3.72502e+87
0.00413223 5.21502e+87
0.00413223 -7.30103e+87
0.00413223 1.02214e+88
0.00413223 -1.431e+88
0.00413223 2.0034e+88
0.00413223 -2.80476e+88
0.00413223 3.92667e+88
0.00413223 -5.49734e+88
0.00413223 7.69627e+88
0.00413223 -1.07748e+89
0.00413223 1.50847e+89
0.00413223 -2.11186e+89
0.00413223 2.9566e+89
0.00413223 -4.13924e+89
0.00413223 5.79494e+89
0.00413223 -8.11291e+89
0.00413223 1.13581e+90
0.00413223 -1.59013e+90
0.00413223 2.22618e+90
0.00413223 -3.11666e+90
0.00413223 4.36332e+90
0.00413223 -6.10865e+90
0.00413223 8.5521e+90
0.00413223 -1.19729e+91
0.00413223 1.67621e+91
0.00413223 -2.3467e+91
0.00413223 3.28538e+91
0.00413223 -4.59953e+91
0.00413223 6.43934e+91
0.00413223 -9.01507e+91
0.00413223 1.26211e+92
0.00413223 -1.76695e+92
0.00413223 2.47374e+92
0.00413223 -3.46323e+92
0.00413223 4.84852e+92
0.00413223 -6.78793e+92
0.00413223 9.5031e+92
0.00413223 -1.33043e+93
0.00413223 1.86261e+93
0.00413223 -2.60765e+93
0.00413223 3.65071e+93
0.00413223 -5.111e+93
0.00413223 7.1554e+93
0.00413223 -1.00176e+94
0.00413223 1.40246e+94
0.00413223 -1.96344e+94
0.00413223 2.74882e+94
0.00413223 -3.84834e+94
0.00413223 5.38768e+94
0.00413223 -7.54275e+94
0.00413223 1.05599e+95
0.00413223 -1.47838e+95
0.00413223 2.06973e+95
0.00413223 -2.89762e+95
0.00413223 4.05667e+95
0.00413223 -5.67934e+95
0.00413223 7.95108e+95
0.00413223 -1.11315e+96
0.00413223 1.55841e+96
0.00413223 -2.18178e+96
0.00413223 3.05449e+96
0.00413223 -4.27628e+96
0.00413223 5.9868e+96
0.00413223 -8.38151e+96
0.00413223 1.17341e+97
0.00413223 -1.64278e+97
0.00413223 2.29989e+97
0.00413223 -3.21984e+97
0.00413223 4.50778e+97
0.00413223 -6.31089e+97
0.00413223 8.83525e+97
0.00413223 -1.23693e+98
0.00413223 1.73171e+98
0.00413223 -2.42439e+98
0.00413223 3.39415e+98
0.00413223 -4.75181e+98
0.00413223 6.65253e+98
0.00413223 -9.31354e+98
0.00413223 1.3039e+99
0.00413223 -1.82545e+99
0.00413223 2.55564e+99
0.00413223 -3.57789e+99
0.00413223 5.00905e+99
0.00413223 -7.01267e+99
0.00413223 9.81773e+99
0.00413223 -1.37448e+100
0.00413223 1.92428e+100
0.00413223 -2.69399e+100
0.00413223 3.77158e+100
0.00413223 -5.28021e+100
0.00413223 7.3923e+100
0.00413223 -1.03492e+101
0.00413223 1.44889e+101
0.00413223 -2.02845e+101
0.00413223 2.83982e+101
0.00413223 -3.97575e+101
0.00413223 5.56606e+101
0.00413223 -7.79248e+101
0.00413223 1.09095e+102
0.00413223 -1.52733e+102
0.00413223 2.13826e+102
0.00413223 -2.99356e+102
0.00413223 4.19098e+102
0.00413223 -5.86738e+102
0.00413223 8.21433e+102
0.00413223 -1.15001e+103
0.00413223 1.61001e+103
0.00413223 -2.25401e+103
0.00413223 3.15562e+103
0.00413223 -4.41786e+103
0.00413223 6.18501e+103
0.00413223 -8.65901e+103
0.00413223 1.21226e+104
0.00413223 -1.69717e+104
0.00413223 2.37603e+104
0.00413223 -3.32644e+104
0.00413223 4.65702e+104
0.00413223 -6.51983e+104
0.00413223 9.12776e+104
0.00413223 -1.27789e+105
0.00413223 1.78904e+105
0.00413223 -2.50466e+105
0.00413223 3.50652e+105
0.00413223 -4.90913e+105
0.00413223 6.87278e+105
0.00413223 -9.6219e+105
0.00413223 1.34707e+106
0.00413223 -1.88589e+106
0.00413223 2.64025e+106
0.00413223 -3.69635e+106
0.00413223 5.17489e+106
0.00413223 -7.24484e+106
0.00413223 1.01428e+107
0.00413223 -1.41999e+107
0.00413223 1.98798e+107
0.00413223 -2.78318e+107
0.00413223 3.89645e+107
0.00413223 -5.45503e+107
0.00413223 7.63704e+107
0.00413223 -1.06919e+108
0.00413223 1.49686e+108
0.00413223 -2.0956e+108
0.00413223 2.93385e+108
0.00413223 -4.10738e+108
0.00413223 5.75034e+108
0.00413223 -8.05047e+108
0.00413223 1.12707e+109
0.00413223 -1.57789e+109
0.00413223 2.20905e+109
0.00413223 -3.09267e+109
0.00413223 4.32974e+109
0.00413223 -6.06163e+109
0.00413223 8.48629e+109
0.00413223 -1.18808e+110
0.00413223 1.66331e+110
0.00413223 -2.32864e+110
0.00413223 3.26009e+110
0.00413223 -4.56413e+110
0.00413223 6.38978e+110
0.00413223 -8.94569e+110
0.00413223 1.2524e+111
0.00413223 -1.75336e+111
0.00413223 2.4547e+111
0.00413223 -3.43658e+111
0.00413223 4.81121e+111
0.00413223 -6.73569e+111
0.00413223 9.42997e+111
0.00413223 -1.3202e+112
0.00413223 1.84827e+112
0.00413223 -2.58758e+112
0.00413223 3.62262e+112
0.00413223 -5.07166e+112
0.00413223 7.10033e+112
0.00413223 -9.94046e+112
0.00413223 1.39166e+113
0.00413223 -1.94833e+113
0.00413223 2.72766e+113
0.00413223 -3.81873e+113
0.00413223 5.34622e+113
0.00413223 -7.4847e+113
0.00413223 1.04786e+114
0.00413223 -1.467e+114
0.00413223 2.0538e+114
0.00413223 -2.87532e+114
0.00413223 4.02545e+114
0.00413223 -5.63563e+114
0.00413223 7.88989e+114
0.00413223 -1.10458e+115
0.00413223 1.54642e+115
0.00413223 -2.16499e+115
0.00413223 3.03098e+115
0.00413223 -4.24337e+115
0.00413223 5.94072e+115
0.00413223 -8.31701e+115
0.00413223 1.16438e+116
0.00413223 -1.63013e+116
0.00413223 2.28219e+116
0.00413223 -3.19506e+116
0.00413223 4.47309e+116
0.00413223 -6.26232e+116
0.00413223 8.76725e+116
0.00413223 -1.22741e+117
0.00413223 1.71838e+117
0.00413223 -2.40573e+117
0.00413223 3.36803e+117
0.00413223 -4.71524e+117
0.00413223 6.60133e+117
0.00413223 -9.24186e+117
0.00413223 1.29386e+118
0.00413223 -1.81141e+118
0.00413223 2.53597e+118
0.00413223 -3.55035e+118
0.00413223 4.9705e+118
0.00413223 -6.95869e+118
0.00413223 9.74217e+118
0.00413223 -1.3639e+119
0.00413223 1.90947e+119
0.00413223 -2.67325e+119
0.00413223 3.74255e+119
0.00413223 -5.23957e+119
0.00413223 7.3354e+119
0.00413223 -1.02696e+120
0.00413223 1.43774e+120
0.00413223 -2.01283e+120
0.00413223 2.81797e+120
0.00413223 -3.94516e+120
0.00413223 5.52322e+120
0.00413223 -7.73251e+120
0.00413223 1.08255e+121
0.00413223 -1.51557e+121
0.00413223 2.1218e+121
0.00413223 -2.97052e+121
0.00413223 4.15873e+121
0.00413223 -5.82222e+121
0.00413223 8.15111e+121
0.00413223 -1.14115e+122
0.00413223 1.59762e+122
0.00413223 -2.23666e+122
0.00413223 3.13133e+122
0.00413223 -4.38386e+122
0.00413223 6.1374e+122
0.00413223 -8.59237e+122
0.00413223 1.20293e+123
0.00413223 -1.6841e+123
0.00413223 2.35775e+123
0.00413223 -3.30084e+123
0.00413223 4.62118e+123
0.00413223 -6.46965e+123
0.00413223 9.05751e+123
0.00413223 -1.26805e+124
0.00413223 1.77527e+124
0.00413223 -2.48538e+124
0.00413223 3.47953e+124
0.00413223 -4.87135e+124
0.00413223 6.81989e+124
0.00413223 -9.54784e+124
0.00413223 1.3367e+125
0.00413223 -1.87138e+125
0.00413223 2.61993e+125
0.00413223 -3.6679e+125
0.00413223 5.13506e+125
0.00413223 -7.18908e+125
0.00413223 1.00647e+126
0.00413223 -1.40906e+126
0.00413223 1.97268e+126
0.00413223 -2.76176e+126
0.00413223 3.86646e+126
0.00413223 -5.41305e+126
0.00413223 7.57826e+126
0.00413223 -1.06096e+127
0.00413223 1.48534e+127
0.00413223 -2.07948e+127
0.00413223 2.91127e+127
0.00413223 -4.07577e+127
0.00413223 5.70608e+127
0.00413223 -7.98851e+127
0.00413223 1.11839e+128
0.00413223 -1.56575e+128
0.00413223 2.19205e+128
0.00413223 -3.06887e+128
0.00413223 4.29641e+128
0.00413223 -6.01498e+128
0.00413223 8.42097e+128
0.00413223 -1.17894e+129
0.00413223 1.65051e+129
0.00413223 -2.31071e+129
0.00413223 3.235e+129
0.00413223 -4.529e+129
0.00413223 6.3406e+129
0.00413223 -8.87684e+129
0.00413223 1.24276e+130
0.00413223 -1.73986e+130
0.00413223 2.43581e+130
0.00413223 -3.41013e+130
0.00413223 4.77418e+130
0.00413223 -6.68385e+130
0.00413223 9.35739e+130
0.00413223 -1.31003e+131
0.00413223 1.83405e+131
0.00413223 -2.56767e+131
0.00413223 3.59474e+131
0.00413223 -5.03263e+131
0.00413223 7.04568e+131
0.00413223 -9.86395e+131
0.00413223 1.38095e+132
0.00413223 -1.93333e+132
0.00413223 2.70667e+132
0.00413223 -3.78934e+132
0.00413223 5.30507e+132
0.00413223 -7.4271e+132
0.00413223 1.03979e+133
0.00413223 -1.45571e+133
0.00413223 2.038e+133
0.00413223 -2.85319e+133
0.00413223 3.99447e+133
0.00413223 -5.59226e+133
0.00413223 7.82917e+133
0.00413223 -1.09608e+134
0.00413223 1.53452e+134
0.00413223 -2.14832e+134
0.00413223 3.00765e+134
0.00413223 -4.21071e+134
0.00413223 5.895e+134
0.00413223 -8.253e+134
0.00413223 1.15542e+135
0.00413223 -1.61759e+135
0.00413223 2.26462e+135
0.00413223 -3.17047e+135
0.00413223 4.43866e+135
0.00413223 -6.21412e+135
0.00413223 8.69977e+135
0.00413223 -1.21797e+136
0.00413223 1.70516e+136
0.00413223 -2.38722e+136
0.00413223 3.34211e+136
0.00413223 -4.67895e+136
0.00413223 6.55053e+136
0.00413223 -9.17074e+136
0.00413223 1.2839e+137
0.00413223 -1.79746e+137
0.00413223 2.51645e+137
0.00413223 -3.52303e+137
0.00413223 4.93224e+137
0.00413223 -6.90514e+137
0.00413223 9.66719e+137
0.00413223 -1.35341e+138
0.00413223 1.89477e+138
0.00413223 -2.65268e+138
0.00413223 3.71375e+138
0.00413223 -5.19925e+138
0.00413223 7.27895e+138
0.00413223 -1.01905e+139
0.00413223 1.42667e+139
0.00413223 -1.99734e+139
0.00413223 2.79628e+139
0.00413223 -3.91479e+139
0.00413223 5.48071e+139
0.00413223 -7.673e+139
0.00413223 1.07422e+140
0.00413223 -1.50391e+140
0.00413223 2.10547e+140
0.00413223 -2.94766e+140
0.00413223 4.12672e+140
0.00413223 -5.77741e+140
0.00413223 8.08837e+140
0.00413223 -1.13237e+141
0.00413223 1.58532e+141
0.00413223 -2.21945e+141
0.00413223 3.10723e+141
0.00413223 -4.35012e+141
0.00413223 6.09017e+141
0.00413223 -8.52624e+141
0.00413223 1.19367e+142
0.00413223 -1.67114e+142
0.00413223 2.3396e+142
0.00413223 -3.27544e+142
0.00413223 4.58562e+142
0.00413223 -6.41986e+142
0.00413223 8.98781e+142
0.00413223 -1.25829e+143
0.00413223 1.76161e+143
0.00413223 -2.46625e+143
0.00413223 3.45276e+143
0.00413223 -4.83386e+143
0.00413223 6.7674e+143
0.00413223 -9.47436e+143
0.00413223 1.32641e+144
0.00413223 -1.85697e+144
0.00413223 2.59976e+144
0.00413223 -3.63967e+144
0.00413223 5.09554e+144
0.00413223 -7.13375e+144
0.00413223 9.98726e+144
0.00413223 -1.39822e+145
0.00413223 1.9575e+145
0.00413223 -2.7405e+145
0.00413223 3.8367e+145
0.00413223 -5.37139e+145
0.00413223 7.51994e+145
0.00413223 -1.05279e+146
0.00413223 1.47391e+146
0.00413223 -2.06347e+146
0.00413223 2.88886e+146
0.00413223 -4.0444e+146
0.00413223 5.66217e+146
0.00413223 -7.92703e+146
0.00413223 1.10978e+147
0.00413223 -1.5537e+147
0.00413223 2.17518e+147
0.00413223 -3.04525e+147
0.00413223 4.26335e+147
0.00413223 -5.96869e+147
0.00413223 8.35616e+147
0.00413223 -1.16986e+148
0.00413223 1.63781e+148
0.00413223 -2.29293e+148
0.00413223 3.2101e+148
0.00413223 -4.49414e+148
0.00413223 6.2918e+148
0.00413223 -8.80852e+148
0.00413223 1.23319e+149
0.00413223 -1.72647e+149
0.00413223 2.41706e+149
0.00413223 -3.38388e+149
0.00413223 4.73744e+149
0.00413223 -6.63241e+149
0.00413223 9.28537e+149
0.00413223 -1.29995e+150
0.00413223 1.81993e+150
0.00413223 -2.54791e+150
0.00413223 3.56707e+150
0.00413223 -4.9939e+150
0.00413223 6.99146e+150
0.00413223 -9.78804e+150
0.00413223 1.37033e+151
0.00413223 -1.91846e+151
0.00413223 2.68584e+151
0.00413223 -3.76017e+151
0.00413223 5.26424e+151
0.00413223 -7.36994e+151
0.00413223 1.03179e+152
0.00413223 -1.44451e+152
0.00413223 2.02231e+152
0.00413223 -2.83124e+152
0.00413223 3.96373e+152
0.00413223 -5.54922e+152
0.00413223 7.76891e+152
0.00413223 -1.08765e+153
0.00413223 1.52271e+153
0.00413223 -2.13179e+153
0.00413223 2.9845e+153
0.00413223 -4.17831e+153
0.00413223 5.84963e+153
0.00413223 -8.18948e+153
0.00413223 1.14653e+154
0.00413223 -1.60514e+154
0.00413223 2.24719e+154
0.00413223 -3.14607e+154
0.00413223 4.4045e+154
0.00413223 -6.1663e+154
0.00413223 8.63282e+154
0.00413223 -1.20859e+155
0.00413223 1.69203e+155
0.00413223 -2.36885e+155
0.00413223 3.31638e+155
0.00413223 -4.64294e+155
0.00413223 6.50011e+155
0.00413223 -9.10016e+155
0.00413223 1.27402e+156
0.00413223 -1.78363e+156
0.00413223 2.49708e+156
0.00413223 -3.49592e+156
0.00413223 4.89428e+156
0.00413223 -6.852e+156
0.00413223 9.59279e+156
0.00413223 -1.34299e+157
0.00413223 1.88019e+157
0.00413223 -2.63226e+157
0.00413223 3.68517e+157
0.00413223 -5.15923e+157
0.00413223 7.22293e+157
0.00413223 -1.01121e+158
0.00413223 1.41569e+158
0.00413223 -1.98197e+158
0.00413223 2.77476e+158
0.00413223 -3.88466e+158
0.00413223 5.43853e+158
0.00413223 -7.61394e+158
0.00413223 1.06595e+159
0.00413223 -1.49233e+159
0.00413223 2.08927e+159
0.00413223 -2.92497e+159
0.00413223 4.09496e+159
0.00413223 -5.73295e+159
0.00413223 8.02612e+159
0.00413223 -1.12366e+160
0.00413223 1.57312e+160
0.00413223 -2.20237e+160
0.00413223 3.08332e+160
0.00413223 -4.31664e+160
0.00413223 6.0433e+160
0.00413223 -8.46062e+160
0.00413223 1.18449e+161
0.00413223 -1.65828e+161
0.00413223 2.32159e+161
0.00413223 -3.25023e+161
0.00413223 4.55032e+161
0.00413223 -6.37045e+161
0.00413223 8.91863e+161
0.00413223 -1.24861e+162
0.00413223 1.74805e+162
0.00413223 -2.44727e+162
0.00413223 3.42618e+162
0.00413223 -4.79666e+162
0.00413223 6.71532e+162
0.00413223 -9.40144e+162
0.00413223 1.3162e+163
0.00413223 -1.84268e+163
0.00413223 2.57976e+163
0.00413223 -3.61166e+163
0.00413223 5.05632e+163
0.00413223 -7.07885e+163
0.00413223 9.91039e+163
0.00413223 -1.38745e+164
0.00413223 1.94244e+164
0.00413223 -2.71941e+164
0.00413223 3.80718e+164
0.00413223 -5.33005e+164
0.00413223 7.46207e+164
0.00413223 -1.04469e+165
0.00413223 1.46256e+165
0.00413223 -2.04759e+165
0.00413223 2.86663e+165
0.00413223 -4.01328e+165
0.00413223 5.61859e+165
0.00413223 -7.86602e+165
0.00413223 1.10124e+166
0.00413223 -1.54174e+166
0.00413223 2.15844e+166
0.00413223 -3.02181e+166
0.00413223 4.23054e+166
0.00413223 -5.92275e+166
0.00413223 8.29185e+166
0.00413223 -1.16086e+167
0.00413223 1.6252e+167
0.00413223 -2.27528e+167
0.00413223 3.1854e+167
0.00413223 -4.45956e+167
0.00413223 6.24338e+167
0.00413223 -8.74073e+167
0.00413223 1.2237e+168
0.00413223 -1.71318e+168
0.00413223 2.39846e+168
0.00413223 -3.35784e+168
0.00413223 4.70098e+168
0.00413223 -6.58137e+168
0.00413223 9.21391e+168
0.00413223 -1.28995e+169
0.00413223 1.80593e+169
0.00413223 -2.5283e+169
0.00413223 3.53962e+169
0.00413223 -4.95546e+169
0.00413223 6.93765e+169
0.00413223 -9.71271e+169
0.00413223 1.35978e+170
0.00413223 -1.90369e+170
0.00413223 2.66517e+170
0.00413223 -3.73123e+170
0.00413223 5.22373e+170
0.00413223 -7.31322e+170
0.00413223 1.02385e+171
0.00413223 -1.43339e+171
0.00413223 2.00675e+171
0.00413223 -2.80945e+171
0.00413223 3.93322e+171
0.00413223 -5.50651e+171
0.00413223 7.70912e+171
0.00413223 -1.07928e+172
0.00413223 1.51099e+172
0.00413223 -2.11538e+172
0.00413223 2.96154e+172
0.00413223 -4.14615e+172
0.00413223 5.80461e+172
0.00413223 -8.12645e+172
0.00413223 1.1377e+173
0.00413223 -1.59278e+173
0.00413223 2.2299e+173
0.00413223 -3.12186e+173
0.00413223 4.3706e+173
0.00413223 -6.11884e+173
0.00413223 8.56638e+173
0.00413223 -1.19929e+174
0.00413223 1.67901e+174
0.00413223 -2.35061e+174
0.00413223 3.29086e+174
0.00413223 -4.6072e+174
0.00413223 6.45009e+174
0.00413223 -9.03012e+174
0.00413223 1.26422e+175
0.00413223 -1.7699e+175
0.00413223 2.47786e+175
0.00413223 -3.46901e+175
0.00413223 4.85662e+175
0.00413223 -6.79926e+175
0.00413223 9.51897e+175
0.00413223 -1.33266e+176
0.00413223 1.86572e+176
0.00413223 -2.612e+176
0.00413223 3.65681e+176
0.00413223 -5.11953e+176
0.00413223 7.16734e+176
0.00413223 -1.00343e+177
0.00413223 1.4048e+177
0.00413223 -1.96672e+177
0.00413223 2.75341e+177
0.00413223 -3.85477e+177
0.00413223 5.39667e+177
0.00413223 -7.55534e+177
0.00413223 1.05775e+178
0.00413223 -1.48085e+178
0.00413223 2.07319e+178
0.00413223 -2.90246e+178
0.00413223 4.06345e+178
0.00413223 -5.68882e+178
0.00413223 7.96435e+178
0.00413223 -1.11501e+179
0.00413223 1.56101e+179
0.00413223 -2.18542e+179
0.00413223 3.05959e+179
0.00413223 -4.28342e+179
0.00413223 5.99679e+179
0.00413223 -8.3955e+179
0.00413223 1.17537e+180
0.00413223 -1.64552e+180
0.00413223 2.30373e+180
0.00413223 -3.22522e+180
0.00413223 4.5153e+180
0.00413223 -6.32142e+180
0.00413223 8.84999e+180
0.00413223 -1.239e+181
0.00413223 1.7346e+181
0.00413223 -2.42844e+181
0.00413223 3.39981e+181
0.00413223 -4.75974e+181
0.00413223 6.66363e+181
0.00413223 -9.32909e+181
0.00413223 1.30607e+182
0.00413223 -1.8285e+182
0.00413223 2.5599e+182
0.00413223 -3.58386e+182
0.00413223 5.01741e+182
0.00413223 -7.02437e+182
0.00413223 9.83412e+182
0.00413223 -1.37678e+183
0.00413223 1.92749e+183
0.00413223 -2.69848e+183
0.00413223 3.77788e+183
0.00413223 -5.28903e+183
0.00413223 7.40464e+183
0.00413223 -1.03665e+184
0.00413223 1.45131e+184
0.00413223 -2.03183e+184
0.00413223 2.84456e+184
0.00413223 -3.98239e+184
0.00413223 5.57535e+184
0.00413223 -7.80549e+184
0.00413223 1.09277e+185
0.00413223 -1.52988e+185
0.00413223 2.14183e+185
0.00413223 -2.99856e+185
0.00413223 4.19798e+185
0.00413223 -5.87717e+185
0.00413223 8.22804e+185
0.00413223 -1.15193e+186
0.00413223 1.6127e+186
0.00413223 -2.25777e+186
0.00413223 3.16088e+186
0.00413223 -4.42524e+186
0.00413223 6.19533e+186
0.00413223 -8.67346e+186
0.00413223 1.21428e+187
0.00413223 -1.7e+187
0.00413223 2.38e+187
0.00413223 -3.332e+187
0.00413223 4.6648e+187
0.00413223 -6.53071e+187
0.00413223 9.143e+187
0.00413223 -1.28002e+188
0.00413223 1.79203e+188
0.00413223 -2.50884e+188
0.00413223 3.51237e+188
0.00413223 -4.91732e+188
0.00413223 6.88425e+188
0.00413223 -9.63796e+188
0.00413223 1.34931e+189
0.00413223 -1.88904e+189
0.00413223 2.64466e+189
0.00413223 -3.70252e+189
0.00413223 5.18352e+189
0.00413223 -7.25693e+189
0.00413223 1.01597e+190
0.00413223 -1.42236e+190
0.00413223 1.9913e+190
0.00413223 -2.78782e+190
0.00413223 3.90295e+190
0.00413223 -5.46413e+190
0.00413223 7.64979e+190
0.00413223 -1.07097e+191
0.00413223 1.49936e+191
0.00413223 -2.0991e+191
0.00413223 2.93874e+191
0.00413223 -4.11424e+191
0.00413223 5.75994e+191
0.00413223 -8.06391e+191
0.00413223 1.12895e+192
0.00413223 -1.58053e+192
0.00413223 2.21274e+192
0.00413223 -3.09783e+192
0.00413223 4.33696e+192
0.00413223 -6.07175e+192
0.00413223 8.50045e+192
0.00413223 -1.19006e+193
0.00413223 1.66609e+193
0.00413223 -2.33252e+193
0.00413223 3.26553e+193
0.00413223 -4.57175e+193
0.00413223 6.40044e+193
0.00413223 -8.96062e+193
0.00413223 1.25449e+194
0.00413223 -1.75628e+194
0.00413223 2.45879e+194
0.00413223 -3.44231e+194
0.00413223 4.81924e+194
0.00413223 -6.74693e+194
0.00413223 9.44571e+194
0.00413223 -1.3224e+195
0.00413223 1.85136e+195
0.00413223 -2.5919e+195
0.00413223 3.62866e+195
0.00413223 -5.08013e+195
0.00413223 7.11218e+195
0.00413223 -9.95705e+195
0.00413223 1.39399e+196
0.00413223 -1.95158e+196
0.00413223 2.73221e+196
0.00413223 -3.8251e+196
0.00413223 5.35514e+196
0.00413223 -7.4972e+196
0.00413223 1.04961e+197
0.00413223 -1.46945e+197
0.00413223 2.05723e+197
0.00413223 -2.88012e+197
0.00413223 4.03217e+197
0.00413223 -5.64504e+197
0.00413223 7.90306e+197
0.00413223 -1.10643e+198
0.00413223 1.549e+198
0.00413223 -2.1686e+198
0.00413223 3.03604e+198
0.00413223 -4.25045e+198
0.00413223 5.95064e+198
0.00413223 -8.33089e+198
0.00413223 1.16632e+199
0.00413223 -1.63285e+199
0.00413223 2.286e+199
0.00413223 -3.20039e+199
0.00413223 4.48055e+199
0.00413223 -6.27277e+199
0.00413223 8.78188e+199
0.00413223 -1.22946e+200
0.00413223 1.72125e+200
0.00413223 -2.40975e+200
0.00413223 3.37365e+200
0.00413223 -4.72311e+200
0.00413223 6.61235e+200
0.00413223 -9.25729e+200
0.00413223 1.29602e+201
0.00413223 -1.81443e+201
0.00413223 2.5402e+201
0.00413223 -3.55628e+201
0.00413223 4.97879e+201
0.00413223 -6.97031e+201
0.00413223 9.75843e+201
0.00413223 -1.36618e+202
0.00413223 1.91265e+202
0.00413223 -2.67771e+202
0.00413223 3.7488e+202
0.00413223 -5.24832e+202
0.00413223 7.34765e+202
0.00413223 -1.02867e+203
0.00413223 1.44014e+203
0.00413223 -2.01619e+203
0.00413223 2.82267e+203
0.00413223 -3.95174e+203
0.00413223 5.53244e+203
0.00413223 -7.74541e+203
0.00413223 1.08436e+204
0.00413223 -1.5181e+204
0.00413223 2.12534e+204
0.00413223 -2.97548e+204
0.00413223 4.16567e+204
0.00413223 -5.83194e+204
0.00413223 8.16471e+204
0.00413223 -1.14306e+205
0.00413223 1.60028e+205
0.00413223 -2.2404e+205
0.00413223 3.13656e+205
0.00413223 -4.39118e+205
0.00413223 6.14765e+205
0.00413223 -8.60671e+205
0.00413223 1.20494e+206
0.00413223 -1.68691e+206
0.00413223 2.36168e+206
0.00413223 -3.30635e+206
0.00413223 4.62889e+206
0.00413223 -6.48045e+206
0.00413223 9.07263e+206
0.00413223 -1.27017e+207
0.00413223 1.77824e+207
0.00413223 -2.48953e+207
0.00413223 3.48534e+207
0.00413223 -4.87948e+207
0.00413223 6.83127e+207
0.00413223 -9.56378e+207
0.00413223 1.33893e+208
0.00413223 -1.8745e+208
0.00413223 2.6243e+208
0.00413223 -3.67402e+208
0.00413223 5.14363e+208
0.00413223 -7.20108e+208
0.00413223 1.00815e+209
0.00413223 -1.41141e+209
0.00413223 1.97598e+209
0.00413223 -2.76637e+209
0.00413223 3.87291e+209
0.00413223 -5.42208e+209
0.00413223 7.59091e+209
0.00413223 -1.06273e+210
0.00413223 1.48782e+210
0.00413223 -2.08295e+210
0.00413223 2.91613e+210
0.00413223 -4.08258e+210
0.00413223 5.71561e+210
0.00413223 -8.00185e+210
0.00413223 1.12026e+211
0.00413223 -1.56836e+211
0.00413223 2.19571e+211
0.00413223 -3.07399e+211
0.00413223 4.30359e+211
0.00413223 -6.02502e+211
0.00413223 8.43503e+211
0.00413223 -1.1809e+212
0.00413223 1.65327e+212
0.00413223 -2.31457e+212
0.00413223 3.2404e+212
0.00413223 -4.53656e+212
0.00413223 6.35118e+212
0.00413223 -8.89166e+212
0.00413223 1.24483e+213
0.00413223 -1.74277e+213
0.00413223 2.43987e+213
0.00413223 -3.41582e+213
0.00413223 4.78215e+213
0.00413223 -6.69501e+213
0.00413223 9.37301e+213
0.00413223 -1.31222e+214
0.00413223 1.83711e+214
0.00413223 -2.57195e+214
0.00413223 3.60074e+214
0.00413223 -5.04103e+214
0.00413223 7.05744e+214
0.00413223 -9.88042e+214
0.00413223 1.38326e+215
0.00413223 -1.93656e+215
0.00413223 2.71119e+215
0.00413223 -3.79566e+215
0.00413223 5.31393e+215
0.00413223 -7.4395e+215
0.00413223 1.04153e+216
0.00413223 -1.45814e+216
0.00413223 2.0414e+216
0.00413223 -2.85796e+216
0.00413223 4.00114e+216
0.00413223 -5.60159e+216
0.00413223 7.84223e+216
0.00413223 -1.09791e+217
0.00413223 1.53708e+217
0.00413223 -2.15191e+217
0.00413223 3.01267e+217
0.00413223 -4.21774e+217
0.00413223 5.90484e+217
0.00413223 -8.26677e+217
0.00413223 1.15735e+218
0.00413223 -1.62029e+218
0.00413223 2.2684e+218
0.00413223 -3.17576e+218
0.00413223 4.44607e+218
0.00413223 -6.2245e+218
0.00413223 8.71429e+218
0.00413223 -1.22e+219
0.00413223 1.708e+219
0.00413223 -2.3912e+219
0.00413223 3.34768e+219
0.00413223 -4.68676e+219
0.00413223 6.56146e+219
0.00413223 -9.18604e+219
0.00413223 1.28605e+220
0.00413223 -1.80046e+220
0.00413223 2.52065e+220
0.00413223 -3.52891e+220
0.00413223 4.94047e+220
0.00413223 -6.91666e+220
0.00413223 9.68333e+220
0.00413223 -1.35567e+221
0.00413223 1.89793e+221
0.00413223 -2.65711e+221
0.00413223 3.71995e+221
0.00413223 -5.20793e+221
0.00413223 7.2911e+221
0.00413223 -1.02075e+222
0.00413223 1.42906e+222
0.00413223 -2.00068e+222
0.00413223 2.80095e+222
0.00413223 -3.92133e+222
0.00413223 5.48986e+222
0.00413223 -7.6858e+222
0.00413223 1.07601e+223
0.00413223 -1.50642e+223
0.00413223 2.10898e+223
0.00413223 -2.95258e+223
0.00413223 4.13361e+223
0.00413223 -5.78705e+223
0.00413223 8.10187e+223
0.00413223 -1.13426e+224
0.00413223 1.58797e+224
0.00413223 -2.22315e+224
0.00413223 3.11242e+224
0.00413223 -4.35738e+224
0.00413223 6.10033e+224
0.00413223 -8.54047e+224
0.00413223 1.19567e+225
0.00413223 -1.67393e+225
0.00413223 2.3435e+225
0.00413223 -3.28091e+225
0.00413223 4.59327e+225
0.00413223 -6.43058e+225
0.00413223 9.00281e+225
0.00413223 -1.26039e+226
0.00413223 1.76455e+226
0.00413223 -2.47037e+226
0.00413223 3.45852e+226
0.00413223 -4.84193e+226
0.00413223 6.7787e+226
0.00413223 -9.49017e+226
0.00413223 1.32862e+227
0.00413223 -1.86007e+227
0.00413223 2.6041e+227
0.00413223 -3.64575e+227
0.00413223 5.10404e+227
0.00413223 -7.14566e+227
0.00413223 1.00039e+228
0.00413223 -1.40055e+228
0.00413223 1.96077e+228
0.00413223 -2.74508e+228
0.00413223 3.84311e+228
0.00413223 -5.38035e+228
0.00413223 7.53249e+228
0.00413223 -1.05455e+229
0.00413223 1.47637e+229
0.00413223 -2.06692e+229
0.00413223 2.89368e+229
0.00413223 -4.05115e+229
0.00413223 5.67162e+229
0.00413223 -7.94026e+229
0.00413223 1.11164e+230
0.00413223 -1.55629e+230
0.00413223 2.17881e+230
0.00413223 -3.05033e+230
0.00413223 4.27046e+230
0.00413223 -5.97865e+230
0.00413223 8.37011e+230
0.00413223 -1.17182e+231
0.00413223 1.64054e+231
0.00413223 -2.29676e+231
0.00413223 3.21546e+231
0.00413223 -4.50165e+231
0.00413223 6.3023e+231
0.00413223 -8.82323e+231
0.00413223 1.23525e+232
0.00413223 -1.72935e+232
0.00413223 2.42109e+232
0.00413223 -3.38953e+232
0.00413223 4.74534e+232
0.00413223 -6.64348e+232
0.00413223 9.30087e+232
0.00413223 -1.30212e+233
0.00413223 1.82297e+233
0.00413223 -2.55216e+233
0.00413223 3.57302e+233
0.00413223 -5.00223e+233
0.00413223 7.00313e+233
0.00413223 -9.80438e+233
0.00413223 1.37261e+234
0.00413223 -1.92166e+234
0.00413223 2.69032e+234
0.00413223 -3.76645e+234
0.00413223 5.27303e+234
0.00413223 -7.38224e+234
0.00413223 1.03351e+235
0.00413223 -1.44692e+235
0.00413223 2.02569e+235
0.00413223 -2.83596e+235
0.00413223 3.97035e+235
0.00413223 -5.55848e+235
0.00413223 7.78188e+235
0.00413223 -1.08946e+236
0.00413223 1.52525e+236
0.00413223 -2.13535e+236
0.00413223 2.98949e+236
0.00413223 -4.18528e+236
0.00413223 5.85939e+236
0.00413223 -8.20315e+236
0.00413223 1.14844e+237
0.00413223 -1.60782e+237
0.00413223 2.25094e+237
0.00413223 -3.15132e+237
0.00413223 4.41185e+237
0.00413223 -6.17659e+237
0.00413223 8.64723e+237
0.00413223 -1.21061e+238
0.00413223 1.69486e+238
0.00413223 -2.3728e+238
0.00413223 3.32192e+238
0.00413223 -4.65069e+238
0.00413223 6.51096e+238
0.00413223 -9.11535e+238
0.00413223 1.27615e+239
0.00413223 -1.78661e+239
0.00413223 2.50125e+239
0.00413223 -3.50175e+239
0.00413223 4.90245e+239
0.00413223 -6.86343e+239
0.00413223 9.6088e+239
0.00413223 -1.34523e+240
0.00413223 1.88333e+240
0.00413223 -2.63666e+240
0.00413223 3.69132e+240
0.00413223 -5.16785e+240
0.00413223 7.23498e+240
0.00413223 -1.0129e+241
0.00413223 1.41806e+241
0.00413223 -1.98528e+241
0.00413223 2.77939e+241
0.00413223 -3.89115e+241
0.00413223 5.44761e+241
0.00413223 -7.62665e+241
0.00413223 1.06773e+242
0.00413223 -1.49482e+242
0.00413223 2.09275e+242
0.00413223 -2.92985e+242
0.00413223 4.1018e+242
0.00413223 -5.74251e+242
0.00413223 8.03952e+242
0.00413223 -1.12553e+243
0.00413223 1.57575e+243
0.00413223 -2.20604e+243
0.00413223 3.08846e+243
0.00413223 -4.32385e+243
0.00413223 6.05339e+243
0.00413223 -8.47474e+243
0.00413223 1.18646e+244
0.00413223 -1.66105e+244
0.00413223 2.32547e+244
0.00413223 -3.25566e+244
0.00413223 4.55792e+244
0.00413223 -6.38109e+244
0.00413223 8.93352e+244
0.00413223 -1.25069e+245
0.00413223 1.75097e+245
0.00413223 -2.45136e+245
0.00413223 3.4319e+245
0.00413223 -4.80466e+245
0.00413223 6.72653e+245
0.00413223 -9.41714e+245
0.00413223 1.3184e+246
0.00413223 -1.84576e+246
0.00413223 2.58406e+246
0.00413223 -3.61769e+246
0.00413223 5.06476e+246
0.00413223 -7.09067e+246
0.00413223 9.92693e+246
0.00413223 -1.38977e+247
0.00413223 1.94568e+247
0.00413223 -2.72395e+247
0.00413223 3.81353e+247
0.00413223 -5.33894e+247
0.00413223 7.47452e+247
0.00413223 -1.04643e+248
0.00413223 1.46501e+248
0.00413223 -2.05101e+248
0.00413223 2.87141e+248
0.00413223 -4.01998e+248
0.00413223 5.62797e+248
0.00413223 -7.87915e+248
0.00413223 1.10308e+249
0.00413223 -1.54431e+249
0.00413223 2.16204e+249
0.00413223 -3.02686e+249
0.00413223 4.2376e+249
0.00413223 -5.93264e+249
0.00413223 8.30569e+249
0.00413223 -1.1628e+250
0.00413223 1.62792e+250
0.00413223 -2.27908e+250
0.00413223 3.19071e+250
0.00413223 -4.467e+250
0.00413223 6.2538e+250
0.00413223 -8.75532e+250
0.00413223 1.22574e+251
0.00413223 -1.71604e+251
0.00413223 2.40246e+251
0.00413223 -3.36344e+251
0.00413223 4.70882e+251
0.00413223 -6.59235e+251
0.00413223 9.22929e+251
0.00413223 -1.2921e+252
0.00413223 1.80894e+252
0.00413223 -2.53252e+252
0.00413223 3.54552e+252
0.00413223 -4.96373e+252
0.00413223 6.94923e+252
0.00413223 -9.72892e+252
0.00413223 1.36205e+253
0.00413223 -1.90687e+253
0.00413223 2.66962e+253
0.00413223 -3.73746e+253
0.00413223 5.23245e+253
0.00413223 -7.32542e+253
0.00413223 1.02556e+254
0.00413223 -1.43578e+254
0.00413223 2.0101e+254
0.00413223 -2.81413e+254
0.00413223 3.93979e+254
0.00413223 -5.5157e+254
0.00413223 7.72199e+254
0.00413223 -1.08108e+255
0.00413223 1.51351e+255
0.00413223 -2.11891e+255
0.00413223 2.96648e+255
0.00413223 -4.15307e+255
0.00413223 5.8143e+255
0.00413223 -8.14002e+255
0.00413223 1.1396e+256
0.00413223 -1.59544e+256
0.00413223 2.23362e+256
0.00413223 -3.12707e+256
0.00413223 4.3779e+256
0.00413223 -6.12905e+256
0.00413223 8.58068e+256
0.00413223 -1.20129e+257
0.00413223 1.68181e+257
0.00413223 -2.35454e+257
0.00413223 3.29635e+257
0.00413223 -4.61489e+257
0.00413223 6.46085e+257
0.00413223 -9.04519e+257
0.00413223 1.26633e+258
0.00413223 -1.77286e+258
0.00413223 2.482e+258
0.00413223 -3.4748e+258
0.00413223 4.86472e+258
0.00413223 -6.81061e+258
0.00413223 9.53485e+258
0.00413223 -1.33488e+259
0.00413223 1.86883e+259
0.00413223 -2.61636e+259
0.00413223 3.66291e+259
0.00413223 -5.12807e+259
0.00413223 7.1793e+259
0.00413223 -1.0051e+260
0.00413223 1.40714e+260
0.00413223 -1.97e+260
0.00413223 2.758e+260
0.00413223 -3.8612e+260
0.00413223 5.40568e+260
0.00413223 -7.56795e+260
0.00413223 1.05951e+261
0.00413223 -1.48332e+261
0.00413223 2.07665e+261
0.00413223 -2.90731e+261
0.00413223 4.07023e+261
0.00413223 -5.69832e+261
0.00413223 7.97765e+261
0.00413223 -1.11687e+262
0.00413223 1.56362e+262
0.00413223 -2.18907e+262
0.00413223 3.06469e+262
0.00413223 -4.29057e+262
0.00413223 6.0068e+262
0.00413223 -8.40952e+262
0.00413223 1.17733e+263
0.00413223 -1.64827e+263
0.00413223 2.30757e+263
0.00413223 -3.2306e+263
0.00413223 4.52284e+263
0.00413223 -6.33198e+263
0.00413223 8.86477e+263
0.00413223 -1.24107e+264
0.00413223 1.73749e+264
0.00413223 -2.43249e+264
0.00413223 3.40549e+264
0.00413223 -4.76768e+264
0.00413223 6.67476e+264
0.00413223 -9.34466e+264
0.00413223 1.30825e+265
0.00413223 -1.83155e+265
0.00413223 2.56417e+265
0.00413223 -3.58984e+265
0.00413223 5.02578e+265
0.00413223 -7.03609e+265
0.00413223 9.85053e+265
0.00413223 -1.37907e+266
0.00413223 1.9307e+266
0.00413223 -2.70299e+266
0.00413223 3.78418e+266
0.00413223 -5.29785e+266
0.00413223 7.41699e+266
0.00413223 -1.03838e+267
0.00413223 1.45373e+267
0.00413223 -2.03522e+267
0.00413223 2.84931e+267
0.00413223 -3.98904e+267
0.00413223 5.58465e+267
0.00413223 -7.81851e+267
0.00413223 1.09459e+268
0.00413223 -1.53243e+268
0.00413223 2.1454e+268
0.00413223 -3.00356e+268
0.00413223 4.20498e+268
0.00413223 -5.88698e+268
0.00413223 8.24177e+268
0.00413223 -1.15385e+269
0.00413223 1.61539e+269
0.00413223 -2.26154e+269
0.00413223 3.16616e+269
0.00413223 -4.43262e+269
0.00413223 6.20567e+269
0.00413223 -8.68794e+269
0.00413223 1.21631e+270
0.00413223 -1.70284e+270
0.00413223 2.38397e+270
0.00413223 -3.33756e+270
0.00413223 4.67258e+270
0.00413223 -6.54161e+270
0.00413223 9.15826e+270
0.00413223 -1.28216e+271
0.00413223 1.79502e+271
0.00413223 -2.51303e+271
0.00413223 3.51824e+271
0.00413223 -4.92553e+271
0.00413223 6.89574e+271
0.00413223 -9.65404e+271
0.00413223 1.35157e+272
0.00413223 -1.89219e+272
0.00413223 2.64907e+272
0.00413223 -3.7087e+272
0.00413223 5.19218e+272
0.00413223 -7.26905e+272
0.00413223 1.01767e+273
0.00413223 -1.42473e+273
0.00413223 1.99463e+273
0.00413223 -2.79248e+273
0.00413223 3.90947e+273
0.00413223 -5.47325e+273
0.00413223 7.66256e+273
0.00413223 -1.07276e+274
0.00413223 1.50186e+274
0.00413223 -2.10261e+274
0.00413223 2.94365e+274
0.00413223 -4.12111e+274
0.00413223 5.76955e+274
0.00413223 -8.07737e+274
0.00413223 1.13083e+275
0.00413223 -1.58316e+275
0.00413223 2.21643e+275
0.00413223 -3.103e+275
0.00413223 4.3442e+275
0.00413223 -6.08188e+275
0.00413223 8.51464e+275
0.00413223 -1.19205e+276
0.00413223 1.66887e+276
0.00413223 -2.33642e+276
0.00413223 3.27098e+276
0.00413223 -4.57938e+276
0.00413223 6.41113e+276
0.00413223 -8.97558e+276
0.00413223 1.25658e+277
0.00413223 -1.75921e+277
0.00413223 2.4629e+277
0.00413223 -3.44806e+277
0.00413223 4.82728e+277
0.00413223 -6.75819e+277
0.00413223 9.46147e+277
0.00413223 -1.32461e+278
0.00413223 1.85445e+278
0.00413223 -2.59623e+278
0.00413223 3.63472e+278
0.00413223 -5.08861e+278
0.00413223 7.12405e+278
0.00413223 -9.97367e+278
0.00413223 1.39631e+279
0.00413223 -1.95484e+279
0.00413223 2.73677e+279
0.00413223 -3.83148e+279
0.00413223 5.36408e+279
0.00413223 -7.50971e+279
0.00413223 1.05136e+280
0.00413223 -1.4719e+280
0.00413223 2.06066e+280
0.00413223 -2.88493e+280
0.00413223 4.0389e+280
0.00413223 -5.65446e+280
0.00413223 7.91625e+280
0.00413223 -1.10827e+281
0.00413223 1.55158e+281
0.00413223 -2.17222e+281
0.00413223 3.04111e+281
0.00413223 -4.25755e+281
0.00413223 5.96057e+281
0.00413223 -8.34479e+281
0.00413223 1.16827e+282
0.00413223 -1.63558e+282
0.00413223 2.28981e+282
0.00413223 -3.20574e+282
0.00413223 4.48803e+282
0.00413223 -6.28324e+282
0.00413223 8.79654e+282
0.00413223 -1.23152e+283
0.00413223 1.72412e+283
0.00413223 -2.41377e+283
0.00413223 3.37928e+283
0.00413223 -4.73099e+283
0.00413223 6.62339e+283
0.00413223 -9.27274e+283
0.00413223 1.29818e+284
0.00413223 -1.81746e+284
0.00413223 2.54444e+284
0.00413223 -3.56222e+284
0.00413223 4.9871e+284
0.00413223 -6.98194e+284
0.00413223 9.77472e+284
0.00413223 -1.36846e+285
0.00413223 1.91585e+285
0.00413223 -2.68218e+285
0.00413223 3.75506e+285
0.00413223 -5.25708e+285
0.00413223 7.35991e+285
0.00413223 -1.03039e+286
0.00413223 1.44254e+286
0.00413223 -2.01956e+286
0.00413223 2.82738e+286
0.00413223 -3.95834e+286
0.00413223 5.54167e+286
0.00413223 -7.75834e+286
0.00413223 1.08617e+287
0.00413223 -1.52063e+287
0.00413223 2.12889e+287
0.00413223 -2.98044e+287
0.00413223 4.17262e+287
0.00413223 -5.84167e+287
0.00413223 8.17834e+287
0.00413223 -1.14497e+288
0.00413223 1.60295e+288
0.00413223 -2.24414e+288
0.00413223 3.14179e+288
0.00413223 -4.39851e+288
0.00413223 6.15791e+288
0.00413223 -8.62107e+288
0.00413223 1.20695e+289
0.00413223 -1.68973e+289
0.00413223 2.36562e+289
0.00413223 -3.31187e+289
0.00413223 4.63662e+289
0.00413223 -6.49127e+289
0.00413223 9.08778e+289
0.00413223 -1.27229e+290
0.00413223 1.7812e+290
0.00413223 -2.49369e+290
0.00413223 3.49116e+290
0.00413223 -4.88762e+290
0.00413223 6.84267e+290
0.00413223 -9.57974e+290
0.00413223 1.34116e+291
0.00413223 -1.87763e+291
0.00413223 2.62868e+291
0.00413223 -3.68015e+291
0.00413223 5.15222e+291
0.00413223 -7.2131e+291
0.00413223 1.00983e+292
0.00413223 -1.41377e+292
0.00413223 1.97928e+292
0.00413223 -2.77099e+292
0.00413223 3.87938e+292
0.00413223 -5.43113e+292
0.00413223 7.60358e+292
0.00413223 -1.0645e+293
0.00413223 1.4903e+293
0.00413223 -2.08642e+293
0.00413223 2.92099e+293
0.00413223 -4.08939e+293
0.00413223 5.72515e+293
0.00413223 -8.0152e+293
0.00413223 1.12213e+294
0.00413223 -1.57098e+294
0.00413223 2.19937e+294
0.00413223 -3.07912e+294
0.00413223 4.31077e+294
0.00413223 -6.03508e+294
0.00413223 8.44911e+294
0.00413223 -1.18287e+295
0.00413223 1.65602e+295
0.00413223 -2.31843e+295
0.00413223 3.24581e+295
0.00413223 -4.54413e+295
0.00413223 6.36179e+295
0.00413223 -8.9065e+295
0.00413223 1.24691e+296
0.00413223 -1.74567e+296
0.00413223 2.44394e+296
0.00413223 -3.42152e+296
0.00413223 4.79013e+296
0.00413223 -6.70618e+296
0.00413223 9.38865e+296
0.00413223 -1.31441e+297
0.00413223 1.84018e+297
0.00413223 -2.57625e+297
0.00413223 3.60674e+297
0.00413223 -5.04944e+297
0.00413223 7.06922e+297
0.00413223 -9.89691e+297
0.00413223 1.38557e+298
0.00413223 -1.93979e+298
0.00413223 2.71571e+298
0.00413223 -3.802e+298
0.00413223 5.32279e+298
0.00413223 -7.45191e+298
0.00413223 1.04327e+299
0.00413223 -1.46057e+299
0.00413223 2.0448e+299
0.00413223 -2.86273e+299
0.00413223 4.00782e+299
0.00413223 -5.61094e+299
0.00413223 7.85532e+299
0.00413223 -1.09975e+300
0.00413223 1.53964e+300
0.00413223 -2.1555e+300
0.00413223 3.0177e+300
0.00413223 -4.22478e+300
0.00413223 5.91469e+300
0.00413223 -8.28057e+300
0.00413223 1.15928e+301
0.00413223 -1.62299e+301
0.00413223 2.27219e+301
0.00413223 -3.18106e+301
0.00413223 4.45349e+301
0.00413223 -6.23489e+301
0.00413223 8.72884e+301
0.00413223 -1.22204e+302
0.00413223 1.71085e+302
0.00413223 -2.39519e+302
0.00413223 3.35327e+302
0.00413223 -4.69458e+302
0.00413223 6.57241e+302
0.00413223 -9.20138e+302
0.00413223 1.28819e+303
0.00413223 -1.80347e+303
0.00413223 2.52486e+303
0.00413223 -3.5348e+303
0.00413223 4.94872e+303
0.00413223 -6.92821e+303
0.00413223 9.69949e+303
0.00413223 -1.35793e+304
0.00413223 1.9011e+304
0.00413223 -2.66154e+304
0.00413223 3.72616e+304
0.00413223 -5.21662e+304
0.00413223 7.30327e+304
0.00413223 -1.02246e+305
0.00413223 1.43144e+305
0.00413223 -2.00402e+305
0.00413223 2.80562e+305
0.00413223 -3.92787e+305
0.00413223 inf
0.00413223 -nan
