0.00552734 0.0036849
0.00275046 -0.00183364
0.00487827 0.00664403
0.00363614 -0.00536239
0.00431671 0.00945159
0.00396267 -0.0124699
0.00420684 0.018432
0.00407255 -0.0263758
0.00415238 0.0302302
0.00411227 -0.0545435
0.00414301 0.0756873
0.00412507 -0.108751
0.0041349 0.118816
0.00412978 -0.217934
0.00413331 0.256769
0.00413137 -0.431551
0.00413252 0.438009
0.00413194 -0.864253
0.00413239 1.1363
0.00413213 -1.69697
0.00413227 1.79883
0.0041322 -3.3742
0.00413225 3.91802
0.00413222 -6.65571
0.00413224 6.70216
0.00413223 -13.3027
0.00413223 17.4291
0.00413223 -26.0946
0.00413223 27.6066
0.00413223 -51.8596
0.00413223 60.1608
0.00413223 -102.269
0.00413223 102.93
0.00413223 -204.378
0.00413223 267.713
0.00413223 -400.881
0.00413223 424.056
0.00413223 -796.674
0.00413223 924.142
0.00413223 -1571.04
0.00413223 1581.14
0.00413223 -3139.6
0.00413223 4112.49
0.00413223 -6158.22
0.00413223 6514.17
0.00413223 -12238.2
0.00413223 14196.3
0.00413223 -24133.8
0.00413223 24288.9
0.00413223 -48229.5
0.00413223 63174.5
0.00413223 -94600.3
0.00413223 100068
0.00413223 -187999
0.00413223 218078
0.00413223 -370735
0.00413223 373117
0.00413223 -740883
0.00413223 970463
0.00413223 -1.45322e+06
0.00413223 1.53721e+06
0.00413223 -2.88798e+06
0.00413223 3.35004e+06
0.00413223 -5.6951e+06
0.00413223 5.73169e+06
0.00413223 -1.13812e+07
0.00413223 1.49079e+07
0.00413223 -2.23238e+07
0.00413223 2.36141e+07
0.00413223 -4.43641e+07
0.00413223 5.14621e+07
0.00413223 -8.7486e+07
0.00413223 8.80481e+07
0.00413223 -1.74833e+08
0.00413223 2.2901e+08
0.00413223 -3.42929e+08
0.00413223 3.62751e+08
0.00413223 -6.81505e+08
0.00413223 7.90541e+08
0.00413223 -1.34393e+09
0.00413223 1.35256e+09
0.00413223 -2.68573e+09
0.00413223 3.51796e+09
0.00413223 -5.26796e+09
0.00413223 5.57245e+09
0.00413223 -1.0469e+10
0.00413223 1.2144e+10
0.00413223 -2.06449e+10
0.00413223 2.07776e+10
0.00413223 -4.12571e+10
0.00413223 5.40416e+10
0.00413223 -8.09244e+10
0.00413223 8.56019e+10
0.00413223 -1.60821e+11
0.00413223 1.86552e+11
0.00413223 -3.1714e+11
0.00413223 3.19177e+11
0.00413223 -6.33777e+11
0.00413223 8.30168e+11
0.00413223 -1.24313e+12
0.00413223 1.31498e+12
0.00413223 -2.47048e+12
0.00413223 2.86574e+12
0.00413223 -4.87178e+12
0.00413223 4.90309e+12
0.00413223 -9.73585e+12
0.00413223 1.27527e+13
0.00413223 -1.90965e+13
0.00413223 2.02003e+13
0.00413223 -3.79506e+13
0.00413223 4.40224e+13
0.00413223 -7.48385e+13
0.00413223 7.53194e+13
0.00413223 -1.49559e+14
0.00413223 1.95903e+14
0.00413223 -2.93354e+14
0.00413223 3.1031e+14
0.00413223 -5.82983e+14
0.00413223 6.76256e+14
0.00413223 -1.14964e+15
0.00413223 1.15703e+15
0.00413223 -2.29746e+15
0.00413223 3.00939e+15
0.00413223 -4.50639e+15
0.00413223 4.76686e+15
0.00413223 -8.95556e+15
0.00413223 1.03884e+16
0.00413223 -1.76604e+16
0.00413223 1.77739e+16
0.00413223 -3.52928e+16
0.00413223 4.62291e+16
0.00413223 -6.92255e+16
0.00413223 7.32268e+16
0.00413223 -1.37572e+17
0.00413223 1.59583e+17
0.00413223 -2.71292e+17
0.00413223 2.73035e+17
0.00413223 -5.42155e+17
0.00413223 7.10154e+17
0.00413223 -1.06342e+18
0.00413223 1.12488e+18
0.00413223 -2.11333e+18
0.00413223 2.45145e+18
0.00413223 -4.16749e+18
0.00413223 4.19427e+18
0.00413223 -8.32838e+18
0.00413223 1.09091e+19
0.00413223 -1.63358e+19
0.00413223 1.728e+19
0.00413223 -3.24642e+19
0.00413223 3.76583e+19
0.00413223 -6.40195e+19
0.00413223 6.44308e+19
0.00413223 -1.27938e+20
0.00413223 1.67582e+20
0.00413223 -2.50945e+20
0.00413223 2.6545e+20
0.00413223 -4.98703e+20
0.00413223 5.78493e+20
0.00413223 -9.83444e+20
0.00413223 9.89763e+20
0.00413223 -1.96533e+21
0.00413223 2.57433e+21
0.00413223 -3.85492e+21
0.00413223 4.07774e+21
0.00413223 -7.6609e+21
0.00413223 8.8866e+21
0.00413223 -1.51073e+22
0.00413223 1.52044e+22
0.00413223 -3.01907e+22
0.00413223 3.9546e+22
0.00413223 -5.92179e+22
0.00413223 6.26407e+22
0.00413223 -1.17684e+23
0.00413223 1.36513e+23
0.00413223 -2.32073e+23
0.00413223 2.33564e+23
0.00413223 -4.63778e+23
0.00413223 6.0749e+23
0.00413223 -9.09684e+23
0.00413223 9.62264e+23
0.00413223 -1.80782e+24
0.00413223 2.09706e+24
0.00413223 -3.56502e+24
0.00413223 3.58792e+24
0.00413223 -7.12439e+24
0.00413223 9.33205e+24
0.00413223 -1.39742e+25
0.00413223 1.47819e+25
0.00413223 -2.7771e+25
0.00413223 3.22142e+25
0.00413223 -5.47645e+25
0.00413223 5.51164e+25
0.00413223 -1.09442e+26
0.00413223 1.43355e+26
0.00413223 -2.14667e+26
0.00413223 2.27075e+26
0.00413223 -4.26608e+26
0.00413223 4.94863e+26
0.00413223 -8.41272e+26
0.00413223 8.46677e+26
0.00413223 -1.68121e+27
0.00413223 2.20217e+27
0.00413223 -3.29764e+27
0.00413223 3.48824e+27
0.00413223 -6.5534e+27
0.00413223 7.60191e+27
0.00413223 -1.29233e+28
0.00413223 1.30063e+28
0.00413223 -2.58262e+28
0.00413223 3.3829e+28
0.00413223 -5.06571e+28
0.00413223 5.35851e+28
0.00413223 -1.00671e+29
0.00413223 1.16778e+29
0.00413223 -1.98523e+29
0.00413223 1.99799e+29
0.00413223 -3.96732e+29
0.00413223 5.19668e+29
0.00413223 -7.78175e+29
0.00413223 8.23154e+29
0.00413223 -1.54647e+30
0.00413223 1.7939e+30
0.00413223 -3.04964e+30
0.00413223 3.06923e+30
0.00413223 -6.09445e+30
0.00413223 7.98296e+30
0.00413223 -1.1954e+31
0.00413223 1.2645e+31
0.00413223 -2.37563e+31
0.00413223 2.75572e+31
0.00413223 -4.68474e+31
0.00413223 4.71484e+31
0.00413223 -9.36207e+31
0.00413223 1.22631e+32
0.00413223 -1.83634e+32
0.00413223 1.94248e+32
0.00413223 -3.64935e+32
0.00413223 4.23323e+32
0.00413223 -7.19653e+32
0.00413223 7.24277e+32
0.00413223 -1.43817e+33
0.00413223 1.88382e+33
0.00413223 -2.82091e+33
0.00413223 2.98396e+33
0.00413223 -5.606e+33
0.00413223 6.50293e+33
0.00413223 -1.1055e+34
0.00413223 1.11261e+34
0.00413223 -2.20926e+34
0.00413223 2.89385e+34
0.00413223 -4.33338e+34
0.00413223 4.58385e+34
0.00413223 -8.61174e+34
0.00413223 9.98957e+34
0.00413223 -1.69824e+35
0.00413223 1.70915e+35
0.00413223 -3.39378e+35
0.00413223 4.44542e+35
0.00413223 -6.65678e+35
0.00413223 7.04154e+35
0.00413223 -1.3229e+36
0.00413223 1.53456e+36
0.00413223 -2.60877e+36
0.00413223 2.62553e+36
0.00413223 -5.2134e+36
0.00413223 6.8289e+36
0.00413223 -1.02259e+37
0.00413223 1.0817e+37
0.00413223 -2.0322e+37
0.00413223 2.35734e+37
0.00413223 -4.00749e+37
0.00413223 4.03324e+37
0.00413223 -8.00864e+37
0.00413223 1.04903e+38
0.00413223 -1.57087e+38
0.00413223 1.66166e+38
0.00413223 -3.12178e+38
0.00413223 3.62125e+38
0.00413223 -6.15616e+38
0.00413223 6.19572e+38
0.00413223 -1.23026e+39
0.00413223 1.61148e+39
0.00413223 -2.41311e+39
0.00413223 2.55258e+39
0.00413223 -4.79557e+39
0.00413223 5.56283e+39
0.00413223 -9.45687e+39
0.00413223 9.51763e+39
0.00413223 -1.88988e+40
0.00413223 2.4755e+40
0.00413223 -3.70692e+40
0.00413223 3.92119e+40
0.00413223 -7.36678e+40
0.00413223 8.54542e+40
0.00413223 -1.45273e+41
0.00413223 1.46206e+41
0.00413223 -2.90316e+41
0.00413223 3.80277e+41
0.00413223 -5.69444e+41
0.00413223 6.02358e+41
0.00413223 -1.13166e+42
0.00413223 1.31272e+42
0.00413223 -2.23163e+42
0.00413223 2.24597e+42
0.00413223 -4.45973e+42
0.00413223 5.84167e+42
0.00413223 -8.74759e+42
0.00413223 9.2532e+42
0.00413223 -1.73841e+43
0.00413223 2.01655e+43
0.00413223 -3.42815e+43
0.00413223 3.45017e+43
0.00413223 -6.85087e+43
0.00413223 8.97377e+43
0.00413223 -1.34377e+44
0.00413223 1.42144e+44
0.00413223 -2.67048e+44
0.00413223 3.09774e+44
0.00413223 -5.26619e+44
0.00413223 5.30003e+44
0.00413223 -1.0524e+45
0.00413223 1.37852e+45
0.00413223 -2.06425e+45
0.00413223 2.18357e+45
0.00413223 -4.1023e+45
0.00413223 4.75864e+45
0.00413223 -8.08973e+45
0.00413223 8.14171e+45
0.00413223 -1.61667e+46
0.00413223 2.11763e+46
0.00413223 -3.17103e+46
0.00413223 3.35432e+46
0.00413223 -6.3018e+46
0.00413223 7.31005e+46
0.00413223 -1.24271e+47
0.00413223 1.2507e+47
0.00413223 -2.48346e+47
0.00413223 3.25302e+47
0.00413223 -4.87122e+47
0.00413223 5.15278e+47
0.00413223 -9.68059e+47
0.00413223 1.12294e+48
0.00413223 -1.90901e+48
0.00413223 1.92128e+48
0.00413223 -3.815e+48
0.00413223 4.99717e+48
0.00413223 -7.48299e+48
0.00413223 7.91551e+48
0.00413223 -1.4871e+49
0.00413223 1.72502e+49
0.00413223 -2.93256e+49
0.00413223 2.9514e+49
0.00413223 -5.86047e+49
0.00413223 7.67647e+49
0.00413223 -1.14951e+50
0.00413223 1.21595e+50
0.00413223 -2.28442e+50
0.00413223 2.64992e+50
0.00413223 -4.50488e+50
0.00413223 4.53383e+50
0.00413223 -9.00264e+50
0.00413223 1.17923e+51
0.00413223 -1.76583e+51
0.00413223 1.8679e+51
0.00413223 -3.50925e+51
0.00413223 4.07071e+51
0.00413223 -6.92024e+51
0.00413223 6.9647e+51
0.00413223 -1.38295e+52
0.00413223 1.81149e+52
0.00413223 -2.71261e+52
0.00413223 2.8694e+52
0.00413223 -5.39078e+52
0.00413223 6.25327e+52
0.00413223 -1.06306e+53
0.00413223 1.06989e+53
0.00413223 -2.12444e+53
0.00413223 2.78275e+53
0.00413223 -4.16701e+53
0.00413223 4.40787e+53
0.00413223 -8.28111e+53
0.00413223 9.60604e+53
0.00413223 -1.63304e+54
0.00413223 1.64353e+54
0.00413223 -3.26349e+54
0.00413223 4.27475e+54
0.00413223 -6.40121e+54
0.00413223 6.7712e+54
0.00413223 -1.27211e+55
0.00413223 1.47564e+55
0.00413223 -2.50861e+55
0.00413223 2.52473e+55
0.00413223 -5.01325e+55
0.00413223 6.56672e+55
0.00413223 -9.8333e+55
0.00413223 1.04017e+56
0.00413223 -1.95417e+56
0.00413223 2.26683e+56
0.00413223 -3.85363e+56
0.00413223 3.8784e+56
0.00413223 -7.70117e+56
0.00413223 1.00876e+57
0.00413223 -1.51056e+57
0.00413223 1.59787e+57
0.00413223 -3.00193e+57
0.00413223 3.48222e+57
0.00413223 -5.91981e+57
0.00413223 5.95785e+57
0.00413223 -1.18302e+58
0.00413223 1.54961e+58
0.00413223 -2.32046e+58
0.00413223 2.45458e+58
0.00413223 -4.61146e+58
0.00413223 5.34926e+58
0.00413223 -9.0938e+58
0.00413223 9.15223e+58
0.00413223 -1.81732e+59
0.00413223 2.38046e+59
0.00413223 -3.56461e+59
0.00413223 3.77064e+59
0.00413223 -7.08395e+59
0.00413223 8.21734e+59
0.00413223 -1.39696e+60
0.00413223 1.40593e+60
0.00413223 -2.7917e+60
0.00413223 3.65677e+60
0.00413223 -5.47582e+60
0.00413223 5.79232e+60
0.00413223 -1.08821e+61
0.00413223 1.26232e+61
0.00413223 -2.14595e+61
0.00413223 2.15974e+61
0.00413223 -4.28851e+61
0.00413223 5.6174e+61
0.00413223 -8.41175e+61
0.00413223 8.89795e+61
0.00413223 -1.67167e+62
0.00413223 1.93913e+62
0.00413223 -3.29653e+62
0.00413223 3.31771e+62
0.00413223 -6.58784e+62
0.00413223 8.62924e+62
0.00413223 -1.29218e+63
0.00413223 1.36687e+63
0.00413223 -2.56796e+63
0.00413223 2.97881e+63
0.00413223 -5.06401e+63
0.00413223 5.09655e+63
0.00413223 -1.012e+64
0.00413223 1.32559e+64
0.00413223 -1.985e+64
0.00413223 2.09974e+64
0.00413223 -3.9448e+64
0.00413223 4.57595e+64
0.00413223 -7.77915e+64
0.00413223 7.82913e+64
0.00413223 -1.5546e+65
0.00413223 2.03633e+65
0.00413223 -3.04929e+65
0.00413223 3.22554e+65
0.00413223 -6.05986e+65
0.00413223 7.0294e+65
0.00413223 -1.195e+66
0.00413223 1.20268e+66
0.00413223 -2.38812e+66
0.00413223 3.12813e+66
0.00413223 -4.6842e+66
0.00413223 4.95495e+66
0.00413223 -9.30893e+66
0.00413223 1.07983e+67
0.00413223 -1.83572e+67
0.00413223 1.84752e+67
0.00413223 -3.66854e+67
0.00413223 4.80532e+67
0.00413223 -7.1957e+67
0.00413223 7.61161e+67
0.00413223 -1.43e+68
0.00413223 1.6588e+68
0.00413223 -2.81997e+68
0.00413223 2.83809e+68
0.00413223 -5.63547e+68
0.00413223 7.38175e+68
0.00413223 -1.10538e+69
0.00413223 1.16927e+69
0.00413223 -2.19672e+69
0.00413223 2.54818e+69
0.00413223 -4.33193e+69
0.00413223 4.35977e+69
0.00413223 -8.657e+69
0.00413223 1.13396e+70
0.00413223 -1.69804e+70
0.00413223 1.79619e+70
0.00413223 -3.37452e+70
0.00413223 3.91442e+70
0.00413223 -6.65455e+70
0.00413223 6.69731e+70
0.00413223 -1.32986e+71
0.00413223 1.74194e+71
0.00413223 -2.60847e+71
0.00413223 2.75924e+71
0.00413223 -5.18381e+71
0.00413223 6.01319e+71
0.00413223 -1.02225e+72
0.00413223 1.02882e+72
0.00413223 -2.04288e+72
0.00413223 2.67591e+72
0.00413223 -4.00703e+72
0.00413223 4.23864e+72
0.00413223 -7.96318e+72
0.00413223 9.23724e+72
0.00413223 -1.57034e+73
0.00413223 1.58043e+73
0.00413223 -3.13819e+73
0.00413223 4.11063e+73
0.00413223 -6.15545e+73
0.00413223 6.51124e+73
0.00413223 -1.22327e+74
0.00413223 1.41899e+74
0.00413223 -2.4123e+74
0.00413223 2.4278e+74
0.00413223 -4.82078e+74
0.00413223 6.31461e+74
0.00413223 -9.45578e+74
0.00413223 1.00023e+75
0.00413223 -1.87915e+75
0.00413223 2.1798e+75
0.00413223 -3.70568e+75
0.00413223 3.72949e+75
0.00413223 -7.4055e+75
0.00413223 9.70027e+75
0.00413223 -1.45256e+76
0.00413223 1.53652e+76
0.00413223 -2.88668e+76
0.00413223 3.34853e+76
0.00413223 -5.69253e+76
0.00413223 5.72911e+76
0.00413223 -1.13761e+77
0.00413223 1.49012e+77
0.00413223 -2.23137e+77
0.00413223 2.36035e+77
0.00413223 -4.43441e+77
0.00413223 5.14389e+77
0.00413223 -8.74466e+77
0.00413223 8.80085e+77
0.00413223 -1.74755e+78
0.00413223 2.28907e+78
0.00413223 -3.42775e+78
0.00413223 3.62588e+78
0.00413223 -6.81198e+78
0.00413223 7.90186e+78
0.00413223 -1.34332e+79
0.00413223 1.35195e+79
0.00413223 -2.68452e+79
0.00413223 3.51638e+79
0.00413223 -5.26559e+79
0.00413223 5.56994e+79
0.00413223 -1.04643e+80
0.00413223 1.21385e+80
0.00413223 -2.06356e+80
0.00413223 2.07682e+80
0.00413223 -4.12386e+80
0.00413223 5.40173e+80
0.00413223 -8.0888e+80
0.00413223 8.55634e+80
0.00413223 -1.60749e+81
0.00413223 1.86468e+81
0.00413223 -3.16997e+81
0.00413223 3.19034e+81
0.00413223 -6.33492e+81
0.00413223 8.29794e+81
0.00413223 -1.24257e+82
0.00413223 1.31439e+82
0.00413223 -2.46937e+82
0.00413223 2.86445e+82
0.00413223 -4.86959e+82
0.00413223 4.90088e+82
0.00413223 -9.73147e+82
0.00413223 1.2747e+83
0.00413223 -1.90879e+83
0.00413223 2.01912e+83
0.00413223 -3.79335e+83
0.00413223 4.40026e+83
0.00413223 -7.48049e+83
0.00413223 7.52855e+83
0.00413223 -1.49491e+84
0.00413223 1.95815e+84
0.00413223 -2.93222e+84
0.00413223 3.1017e+84
0.00413223 -5.8272e+84
0.00413223 6.75952e+84
0.00413223 -1.14912e+85
0.00413223 1.15651e+85
0.00413223 -2.29643e+85
0.00413223 3.00803e+85
0.00413223 -4.50437e+85
0.00413223 4.76472e+85
0.00413223 -8.95154e+85
0.00413223 1.03837e+86
0.00413223 -1.76524e+86
0.00413223 1.77659e+86
0.00413223 -3.52769e+86
0.00413223 4.62083e+86
0.00413223 -6.91944e+86
0.00413223 7.31939e+86
0.00413223 -1.3751e+87
0.00413223 1.59511e+87
0.00413223 -2.7117e+87
0.00413223 2.72913e+87
0.00413223 -5.41911e+87
0.00413223 7.09835e+87
0.00413223 -1.06294e+88
0.00413223 1.12438e+88
0.00413223 -2.11238e+88
0.00413223 2.45035e+88
0.00413223 -4.16562e+88
0.00413223 4.19238e+88
0.00413223 -8.32464e+88
0.00413223 1.09042e+89
0.00413223 -1.63285e+89
0.00413223 1.72723e+89
0.00413223 -3.24496e+89
0.00413223 3.76414e+89
0.00413223 -6.39907e+89
0.00413223 6.44018e+89
0.00413223 -1.2788e+90
0.00413223 1.67507e+90
0.00413223 -2.50832e+90
0.00413223 2.6533e+90
0.00413223 -4.98479e+90
0.00413223 5.78233e+90
0.00413223 -9.83001e+90
0.00413223 9.89318e+90
0.00413223 -1.96445e+91
0.00413223 2.57318e+91
0.00413223 -3.85319e+91
0.00413223 4.07591e+91
0.00413223 -7.65745e+91
0.00413223 8.8826e+91
0.00413223 -1.51005e+92
0.00413223 1.51975e+92
0.00413223 -3.01771e+92
0.00413223 3.95282e+92
0.00413223 -5.91913e+92
0.00413223 6.26126e+92
0.00413223 -1.17631e+93
0.00413223 1.36451e+93
0.00413223 -2.31968e+93
0.00413223 2.33459e+93
0.00413223 -4.6357e+93
0.00413223 6.07217e+93
0.00413223 -9.09275e+93
0.00413223 9.61831e+93
0.00413223 -1.807e+94
0.00413223 2.09611e+94
0.00413223 -3.56341e+94
0.00413223 3.58631e+94
0.00413223 -7.12118e+94
0.00413223 9.32785e+94
0.00413223 -1.39679e+95
0.00413223 1.47753e+95
0.00413223 -2.77585e+95
0.00413223 3.21997e+95
0.00413223 -5.47398e+95
0.00413223 5.50916e+95
0.00413223 -1.09393e+96
0.00413223 1.43291e+96
0.00413223 -2.1457e+96
0.00413223 2.26973e+96
0.00413223 -4.26416e+96
0.00413223 4.94641e+96
0.00413223 -8.40893e+96
0.00413223 8.46296e+96
0.00413223 -1.68046e+97
0.00413223 2.20118e+97
0.00413223 -3.29615e+97
0.00413223 3.48667e+97
0.00413223 -6.55045e+97
0.00413223 7.59849e+97
0.00413223 -1.29175e+98
0.00413223 1.30005e+98
0.00413223 -2.58145e+98
0.00413223 3.38138e+98
0.00413223 -5.06343e+98
0.00413223 5.3561e+98
0.00413223 -1.00626e+99
0.00413223 1.16725e+99
0.00413223 -1.98434e+99
0.00413223 1.99709e+99
0.00413223 -3.96553e+99
0.00413223 5.19435e+99
0.00413223 -7.77825e+99
0.00413223 8.22784e+99
0.00413223 -1.54577e+100
0.00413223 1.79309e+100
0.00413223 -3.04827e+100
0.00413223 3.06785e+100
0.00413223 -6.09171e+100
0.00413223 7.97936e+100
0.00413223 -1.19487e+101
0.00413223 1.26393e+101
0.00413223 -2.37456e+101
0.00413223 2.75448e+101
0.00413223 -4.68264e+101
0.00413223 4.71272e+101
0.00413223 -9.35786e+101
0.00413223 1.22576e+102
0.00413223 -1.83551e+102
0.00413223 1.9416e+102
0.00413223 -3.64771e+102
0.00413223 4.23133e+102
0.00413223 -7.19329e+102
0.00413223 7.23951e+102
0.00413223 -1.43752e+103
0.00413223 1.88297e+103
0.00413223 -2.81964e+103
0.00413223 2.98262e+103
0.00413223 -5.60348e+103
0.00413223 6.50001e+103
0.00413223 -1.10501e+104
0.00413223 1.11211e+104
0.00413223 -2.20826e+104
0.00413223 2.89255e+104
0.00413223 -4.33143e+104
0.00413223 4.58179e+104
0.00413223 -8.60786e+104
0.00413223 9.98507e+104
0.00413223 -1.69747e+105
0.00413223 1.70838e+105
0.00413223 -3.39226e+105
0.00413223 4.44342e+105
0.00413223 -6.65379e+105
0.00413223 7.03838e+105
0.00413223 -1.32231e+106
0.00413223 1.53387e+106
0.00413223 -2.60759e+106
0.00413223 2.62435e+106
0.00413223 -5.21106e+106
0.00413223 6.82583e+106
0.00413223 -1.02213e+107
0.00413223 1.08121e+107
0.00413223 -2.03128e+107
0.00413223 2.35628e+107
0.00413223 -4.00569e+107
0.00413223 4.03143e+107
0.00413223 -8.00504e+107
0.00413223 1.04856e+108
0.00413223 -1.57016e+108
0.00413223 1.66091e+108
0.00413223 -3.12038e+108
0.00413223 3.61962e+108
0.00413223 -6.15339e+108
0.00413223 6.19293e+108
0.00413223 -1.2297e+109
0.00413223 1.61076e+109
0.00413223 -2.41202e+109
0.00413223 2.55144e+109
0.00413223 -4.79341e+109
0.00413223 5.56033e+109
0.00413223 -9.45261e+109
0.00413223 9.51335e+109
0.00413223 -1.88903e+110
0.00413223 2.47438e+110
0.00413223 -3.70526e+110
0.00413223 3.91942e+110
0.00413223 -7.36347e+110
0.00413223 8.54158e+110
0.00413223 -1.45208e+111
0.00413223 1.46141e+111
0.00413223 -2.90185e+111
0.00413223 3.80106e+111
0.00413223 -5.69188e+111
0.00413223 6.02087e+111
0.00413223 -1.13115e+112
0.00413223 1.31213e+112
0.00413223 -2.23063e+112
0.00413223 2.24496e+112
0.00413223 -4.45772e+112
0.00413223 5.83905e+112
0.00413223 -8.74365e+112
0.00413223 9.24904e+112
0.00413223 -1.73763e+113
0.00413223 2.01564e+113
0.00413223 -3.42661e+113
0.00413223 3.44862e+113
0.00413223 -6.84778e+113
0.00413223 8.96973e+113
0.00413223 -1.34317e+114
0.00413223 1.4208e+114
0.00413223 -2.66928e+114
0.00413223 3.09635e+114
0.00413223 -5.26382e+114
0.00413223 5.29765e+114
0.00413223 -1.05193e+115
0.00413223 1.3779e+115
0.00413223 -2.06333e+115
0.00413223 2.18259e+115
0.00413223 -4.10045e+115
0.00413223 4.7565e+115
0.00413223 -8.08609e+115
0.00413223 8.13805e+115
0.00413223 -1.61594e+116
0.00413223 2.11667e+116
0.00413223 -3.1696e+116
0.00413223 3.35281e+116
0.00413223 -6.29896e+116
0.00413223 7.30676e+116
0.00413223 -1.24216e+117
0.00413223 1.25014e+117
0.00413223 -2.48235e+117
0.00413223 3.25156e+117
0.00413223 -4.86903e+117
0.00413223 5.15046e+117
0.00413223 -9.67624e+117
0.00413223 1.12244e+118
0.00413223 -1.90815e+118
0.00413223 1.92042e+118
0.00413223 -3.81329e+118
0.00413223 4.99492e+118
0.00413223 -7.47963e+118
0.00413223 7.91195e+118
0.00413223 -1.48643e+119
0.00413223 1.72425e+119
0.00413223 -2.93124e+119
0.00413223 2.95007e+119
0.00413223 -5.85783e+119
0.00413223 7.67302e+119
0.00413223 -1.14899e+120
0.00413223 1.2154e+120
0.00413223 -2.2834e+120
0.00413223 2.64873e+120
0.00413223 -4.50286e+120
0.00413223 4.53179e+120
0.00413223 -8.99859e+120
0.00413223 1.1787e+121
0.00413223 -1.76504e+121
0.00413223 1.86706e+121
0.00413223 -3.50767e+121
0.00413223 4.06888e+121
0.00413223 -6.91712e+121
0.00413223 6.96157e+121
0.00413223 -1.38233e+122
0.00413223 1.81068e+122
0.00413223 -2.71139e+122
0.00413223 2.86811e+122
0.00413223 -5.38835e+122
0.00413223 6.25046e+122
0.00413223 -1.06258e+123
0.00413223 1.06941e+123
0.00413223 -2.12348e+123
0.00413223 2.7815e+123
0.00413223 -4.16514e+123
0.00413223 4.40588e+123
0.00413223 -8.27739e+123
0.00413223 9.60172e+123
0.00413223 -1.6323e+124
0.00413223 1.64279e+124
0.00413223 -3.26202e+124
0.00413223 4.27283e+124
0.00413223 -6.39833e+124
0.00413223 6.76816e+124
0.00413223 -1.27154e+125
0.00413223 1.47498e+125
0.00413223 -2.50748e+125
0.00413223 2.52359e+125
0.00413223 -5.01099e+125
0.00413223 6.56377e+125
0.00413223 -9.82888e+125
0.00413223 1.0397e+126
0.00413223 -1.9533e+126
0.00413223 2.26581e+126
0.00413223 -3.8519e+126
0.00413223 3.87665e+126
0.00413223 -7.6977e+126
0.00413223 1.0083e+127
0.00413223 -1.50988e+127
0.00413223 1.59715e+127
0.00413223 -3.00058e+127
0.00413223 3.48066e+127
0.00413223 -5.91715e+127
0.00413223 5.95517e+127
0.00413223 -1.18249e+128
0.00413223 1.54892e+128
0.00413223 -2.31942e+128
0.00413223 2.45348e+128
0.00413223 -4.60938e+128
0.00413223 5.34686e+128
0.00413223 -9.08971e+128
0.00413223 9.14811e+128
0.00413223 -1.8165e+129
0.00413223 2.37939e+129
0.00413223 -3.563e+129
0.00413223 3.76895e+129
0.00413223 -7.08076e+129
0.00413223 8.21365e+129
0.00413223 -1.39633e+130
0.00413223 1.4053e+130
0.00413223 -2.79044e+130
0.00413223 3.65513e+130
0.00413223 -5.47335e+130
0.00413223 5.78972e+130
0.00413223 -1.08772e+131
0.00413223 1.26175e+131
0.00413223 -2.14499e+131
0.00413223 2.15877e+131
0.00413223 -4.28658e+131
0.00413223 5.61487e+131
0.00413223 -8.40796e+131
0.00413223 8.89395e+131
0.00413223 -1.67092e+132
0.00413223 1.93825e+132
0.00413223 -3.29505e+132
0.00413223 3.31622e+132
0.00413223 -6.58488e+132
0.00413223 8.62536e+132
0.00413223 -1.2916e+133
0.00413223 1.36626e+133
0.00413223 -2.5668e+133
0.00413223 2.97747e+133
0.00413223 -5.06173e+133
0.00413223 5.09426e+133
0.00413223 -1.01155e+134
0.00413223 1.325e+134
0.00413223 -1.98411e+134
0.00413223 2.09879e+134
0.00413223 -3.94303e+134
0.00413223 4.57389e+134
0.00413223 -7.77565e+134
0.00413223 7.82561e+134
0.00413223 -1.5539e+135
0.00413223 2.03541e+135
0.00413223 -3.04792e+135
0.00413223 3.22409e+135
0.00413223 -6.05713e+135
0.00413223 7.02624e+135
0.00413223 -1.19447e+136
0.00413223 1.20214e+136
0.00413223 -2.38704e+136
0.00413223 3.12672e+136
0.00413223 -4.6821e+136
0.00413223 4.95272e+136
0.00413223 -9.30474e+136
0.00413223 1.07934e+137
0.00413223 -1.8349e+137
0.00413223 1.84669e+137
0.00413223 -3.66689e+137
0.00413223 4.80316e+137
0.00413223 -7.19246e+137
0.00413223 7.60819e+137
0.00413223 -1.42936e+138
0.00413223 1.65805e+138
0.00413223 -2.8187e+138
0.00413223 2.83681e+138
0.00413223 -5.63294e+138
0.00413223 7.37843e+138
0.00413223 -1.10488e+139
0.00413223 1.16874e+139
0.00413223 -2.19573e+139
0.00413223 2.54704e+139
0.00413223 -4.32998e+139
0.00413223 4.3578e+139
0.00413223 -8.65311e+139
0.00413223 1.13345e+140
0.00413223 -1.69728e+140
0.00413223 1.79538e+140
0.00413223 -3.373e+140
0.00413223 3.91266e+140
0.00413223 -6.65156e+140
0.00413223 6.6943e+140
0.00413223 -1.32926e+141
0.00413223 1.74116e+141
0.00413223 -2.60729e+141
0.00413223 2.758e+141
0.00413223 -5.18148e+141
0.00413223 6.01049e+141
0.00413223 -1.02179e+142
0.00413223 1.02835e+142
0.00413223 -2.04196e+142
0.00413223 2.67471e+142
0.00413223 -4.00523e+142
0.00413223 4.23673e+142
0.00413223 -7.9596e+142
0.00413223 9.23309e+142
0.00413223 -1.56963e+143
0.00413223 1.57972e+143
0.00413223 -3.13678e+143
0.00413223 4.10879e+143
0.00413223 -6.15268e+143
0.00413223 6.50831e+143
0.00413223 -1.22272e+144
0.00413223 1.41835e+144
0.00413223 -2.41121e+144
0.00413223 2.42671e+144
0.00413223 -4.81861e+144
0.00413223 6.31177e+144
0.00413223 -9.45153e+144
0.00413223 9.99783e+144
0.00413223 -1.8783e+145
0.00413223 2.17882e+145
0.00413223 -3.70402e+145
0.00413223 3.72782e+145
0.00413223 -7.40217e+145
0.00413223 9.6959e+145
0.00413223 -1.45191e+146
0.00413223 1.53583e+146
0.00413223 -2.88538e+146
0.00413223 3.34703e+146
0.00413223 -5.68997e+146
0.00413223 5.72654e+146
0.00413223 -1.13709e+147
0.00413223 1.48945e+147
0.00413223 -2.23037e+147
0.00413223 2.35928e+147
0.00413223 -4.43242e+147
0.00413223 5.14158e+147
0.00413223 -8.74073e+147
0.00413223 8.79689e+147
0.00413223 -1.74676e+148
0.00413223 2.28804e+148
0.00413223 -3.42621e+148
0.00413223 3.62425e+148
0.00413223 -6.80892e+148
0.00413223 7.8983e+148
0.00413223 -1.34272e+149
0.00413223 1.35135e+149
0.00413223 -2.68331e+149
0.00413223 3.5148e+149
0.00413223 -5.26322e+149
0.00413223 5.56743e+149
0.00413223 -1.04596e+150
0.00413223 1.21331e+150
0.00413223 -2.06264e+150
0.00413223 2.07589e+150
0.00413223 -4.122e+150
0.00413223 5.3993e+150
0.00413223 -8.08516e+150
0.00413223 8.55249e+150
0.00413223 -1.60677e+151
0.00413223 1.86384e+151
0.00413223 -3.16854e+151
0.00413223 3.1889e+151
0.00413223 -6.33207e+151
0.00413223 8.29421e+151
0.00413223 -1.24201e+152
0.00413223 1.3138e+152
0.00413223 -2.46826e+152
0.00413223 2.86316e+152
0.00413223 -4.8674e+152
0.00413223 4.89868e+152
0.00413223 -9.7271e+152
0.00413223 1.27413e+153
0.00413223 -1.90793e+153
0.00413223 2.01821e+153
0.00413223 -3.79164e+153
0.00413223 4.39828e+153
0.00413223 -7.47712e+153
0.00413223 7.52517e+153
0.00413223 -1.49424e+154
0.00413223 1.95727e+154
0.00413223 -2.9309e+154
0.00413223 3.10031e+154
0.00413223 -5.82458e+154
0.00413223 6.75648e+154
0.00413223 -1.14861e+155
0.00413223 1.15599e+155
0.00413223 -2.2954e+155
0.00413223 3.00668e+155
0.00413223 -4.50234e+155
0.00413223 4.76258e+155
0.00413223 -8.94751e+155
0.00413223 1.03791e+156
0.00413223 -1.76445e+156
0.00413223 1.77579e+156
0.00413223 -3.52611e+156
0.00413223 4.61875e+156
0.00413223 -6.91633e+156
0.00413223 7.31609e+156
0.00413223 -1.37448e+157
0.00413223 1.59439e+157
0.00413223 -2.71048e+157
0.00413223 2.7279e+157
0.00413223 -5.41667e+157
0.00413223 7.09516e+157
0.00413223 -1.06246e+158
0.00413223 1.12387e+158
0.00413223 -2.11143e+158
0.00413223 2.44925e+158
0.00413223 -4.16374e+158
0.00413223 4.1905e+158
0.00413223 -8.32089e+158
0.00413223 1.08993e+159
0.00413223 -1.63211e+159
0.00413223 1.72645e+159
0.00413223 -3.2435e+159
0.00413223 3.76244e+159
0.00413223 -6.39619e+159
0.00413223 6.43729e+159
0.00413223 -1.27823e+160
0.00413223 1.67431e+160
0.00413223 -2.50719e+160
0.00413223 2.65211e+160
0.00413223 -4.98255e+160
0.00413223 5.77973e+160
0.00413223 -9.82559e+160
0.00413223 9.88873e+160
0.00413223 -1.96356e+161
0.00413223 2.57202e+161
0.00413223 -3.85146e+161
0.00413223 4.07407e+161
0.00413223 -7.65401e+161
0.00413223 8.87861e+161
0.00413223 -1.50937e+162
0.00413223 1.51907e+162
0.00413223 -3.01635e+162
0.00413223 3.95104e+162
0.00413223 -5.91647e+162
0.00413223 6.25844e+162
0.00413223 -1.17578e+163
0.00413223 1.3639e+163
0.00413223 -2.31864e+163
0.00413223 2.33354e+163
0.00413223 -4.63361e+163
0.00413223 6.06944e+163
0.00413223 -9.08866e+163
0.00413223 9.61399e+163
0.00413223 -1.80619e+164
0.00413223 2.09517e+164
0.00413223 -3.56181e+164
0.00413223 3.5847e+164
0.00413223 -7.11798e+164
0.00413223 9.32365e+164
0.00413223 -1.39617e+165
0.00413223 1.47687e+165
0.00413223 -2.7746e+165
0.00413223 3.21853e+165
0.00413223 -5.47152e+165
0.00413223 5.50668e+165
0.00413223 -1.09344e+166
0.00413223 1.43227e+166
0.00413223 -2.14474e+166
0.00413223 2.26871e+166
0.00413223 -4.26225e+166
0.00413223 4.94418e+166
0.00413223 -8.40515e+166
0.00413223 8.45916e+166
0.00413223 -1.6797e+167
0.00413223 2.20019e+167
0.00413223 -3.29467e+167
0.00413223 3.4851e+167
0.00413223 -6.54751e+167
0.00413223 7.59507e+167
0.00413223 -1.29117e+168
0.00413223 1.29946e+168
0.00413223 -2.58029e+168
0.00413223 3.37986e+168
0.00413223 -5.06115e+168
0.00413223 5.35369e+168
0.00413223 -1.0058e+169
0.00413223 1.16673e+169
0.00413223 -1.98345e+169
0.00413223 1.99619e+169
0.00413223 -3.96375e+169
0.00413223 5.19201e+169
0.00413223 -7.77475e+169
0.00413223 8.22414e+169
0.00413223 -1.54508e+170
0.00413223 1.79228e+170
0.00413223 -3.0469e+170
0.00413223 3.06647e+170
0.00413223 -6.08897e+170
0.00413223 7.97578e+170
0.00413223 -1.19433e+171
0.00413223 1.26336e+171
0.00413223 -2.37349e+171
0.00413223 2.75324e+171
0.00413223 -4.68053e+171
0.00413223 4.7106e+171
0.00413223 -9.35365e+171
0.00413223 1.22521e+172
0.00413223 -1.83468e+172
0.00413223 1.94073e+172
0.00413223 -3.64607e+172
0.00413223 4.22942e+172
0.00413223 -7.19006e+172
0.00413223 7.23626e+172
0.00413223 -1.43687e+173
0.00413223 1.88212e+173
0.00413223 -2.81837e+173
0.00413223 2.98128e+173
0.00413223 -5.60096e+173
0.00413223 6.49709e+173
0.00413223 -1.10451e+174
0.00413223 1.11161e+174
0.00413223 -2.20727e+174
0.00413223 2.89125e+174
0.00413223 -4.32948e+174
0.00413223 4.57973e+174
0.00413223 -8.60399e+174
0.00413223 9.98058e+174
0.00413223 -1.69671e+175
0.00413223 1.70761e+175
0.00413223 -3.39073e+175
0.00413223 4.44143e+175
0.00413223 -6.65079e+175
0.00413223 7.03521e+175
0.00413223 -1.32171e+176
0.00413223 1.53318e+176
0.00413223 -2.60642e+176
0.00413223 2.62317e+176
0.00413223 -5.20871e+176
0.00413223 6.82276e+176
0.00413223 -1.02167e+177
0.00413223 1.08072e+177
0.00413223 -2.03037e+177
0.00413223 2.35522e+177
0.00413223 -4.00389e+177
0.00413223 4.02961e+177
0.00413223 -8.00144e+177
0.00413223 1.04809e+178
0.00413223 -1.56945e+178
0.00413223 1.66017e+178
0.00413223 -3.11898e+178
0.00413223 3.618e+178
0.00413223 -6.15062e+178
0.00413223 6.19015e+178
0.00413223 -1.22915e+179
0.00413223 1.61003e+179
0.00413223 -2.41094e+179
0.00413223 2.55029e+179
0.00413223 -4.79126e+179
0.00413223 5.55783e+179
0.00413223 -9.44836e+179
0.00413223 9.50907e+179
0.00413223 -1.88818e+180
0.00413223 2.47327e+180
0.00413223 -3.70359e+180
0.00413223 3.91766e+180
0.00413223 -7.36015e+180
0.00413223 8.53774e+180
0.00413223 -1.45142e+181
0.00413223 1.46075e+181
0.00413223 -2.90055e+181
0.00413223 3.79935e+181
0.00413223 -5.68932e+181
0.00413223 6.01816e+181
0.00413223 -1.13064e+182
0.00413223 1.31154e+182
0.00413223 -2.22962e+182
0.00413223 2.24395e+182
0.00413223 -4.45571e+182
0.00413223 5.83642e+182
0.00413223 -8.73972e+182
0.00413223 9.24488e+182
0.00413223 -1.73685e+183
0.00413223 2.01473e+183
0.00413223 -3.42506e+183
0.00413223 3.44707e+183
0.00413223 -6.8447e+183
0.00413223 8.9657e+183
0.00413223 -1.34256e+184
0.00413223 1.42016e+184
0.00413223 -2.66808e+184
0.00413223 3.09496e+184
0.00413223 -5.26146e+184
0.00413223 5.29526e+184
0.00413223 -1.05146e+185
0.00413223 1.37728e+185
0.00413223 -2.0624e+185
0.00413223 2.1816e+185
0.00413223 -4.09861e+185
0.00413223 4.75436e+185
0.00413223 -8.08246e+185
0.00413223 8.13439e+185
0.00413223 -1.61521e+186
0.00413223 2.11572e+186
0.00413223 -3.16818e+186
0.00413223 3.3513e+186
0.00413223 -6.29613e+186
0.00413223 7.30348e+186
0.00413223 -1.2416e+187
0.00413223 1.24958e+187
0.00413223 -2.48123e+187
0.00413223 3.2501e+187
0.00413223 -4.86684e+187
0.00413223 5.14815e+187
0.00413223 -9.67188e+187
0.00413223 1.12193e+188
0.00413223 -1.9073e+188
0.00413223 1.91955e+188
0.00413223 -3.81157e+188
0.00413223 4.99268e+188
0.00413223 -7.47626e+188
0.00413223 7.90839e+188
0.00413223 -1.48576e+189
0.00413223 1.72347e+189
0.00413223 -2.92992e+189
0.00413223 2.94874e+189
0.00413223 -5.8552e+189
0.00413223 7.66957e+189
0.00413223 -1.14848e+190
0.00413223 1.21486e+190
0.00413223 -2.28237e+190
0.00413223 2.64753e+190
0.00413223 -4.50083e+190
0.00413223 4.52975e+190
0.00413223 -8.99454e+190
0.00413223 1.17817e+191
0.00413223 -1.76425e+191
0.00413223 1.86622e+191
0.00413223 -3.50609e+191
0.00413223 4.06705e+191
0.00413223 -6.91401e+191
0.00413223 6.95844e+191
0.00413223 -1.38171e+192
0.00413223 1.80986e+192
0.00413223 -2.71017e+192
0.00413223 2.86682e+192
0.00413223 -5.38593e+192
0.00413223 6.24765e+192
0.00413223 -1.06211e+193
0.00413223 1.06893e+193
0.00413223 -2.12253e+193
0.00413223 2.78024e+193
0.00413223 -4.16326e+193
0.00413223 4.4039e+193
0.00413223 -8.27367e+193
0.00413223 9.5974e+193
0.00413223 -1.63157e+194
0.00413223 1.64205e+194
0.00413223 -3.26055e+194
0.00413223 4.27091e+194
0.00413223 -6.39545e+194
0.00413223 6.76511e+194
0.00413223 -1.27097e+195
0.00413223 1.47432e+195
0.00413223 -2.50635e+195
0.00413223 2.52246e+195
0.00413223 -5.00874e+195
0.00413223 6.56081e+195
0.00413223 -9.82446e+195
0.00413223 1.03923e+196
0.00413223 -1.95242e+196
0.00413223 2.26479e+196
0.00413223 -3.85017e+196
0.00413223 3.87491e+196
0.00413223 -7.69424e+196
0.00413223 1.00785e+197
0.00413223 -1.5092e+197
0.00413223 1.59643e+197
0.00413223 -2.99923e+197
0.00413223 3.47909e+197
0.00413223 -5.91449e+197
0.00413223 5.95249e+197
0.00413223 -1.18196e+198
0.00413223 1.54822e+198
0.00413223 -2.31837e+198
0.00413223 2.45238e+198
0.00413223 -4.60731e+198
0.00413223 5.34445e+198
0.00413223 -9.08562e+198
0.00413223 9.144e+198
0.00413223 -1.81568e+199
0.00413223 2.37832e+199
0.00413223 -3.5614e+199
0.00413223 3.76725e+199
0.00413223 -7.07758e+199
0.00413223 8.20995e+199
0.00413223 -1.3957e+200
0.00413223 1.40467e+200
0.00413223 -2.78919e+200
0.00413223 3.65348e+200
0.00413223 -5.47089e+200
0.00413223 5.78711e+200
0.00413223 -1.08723e+201
0.00413223 1.26118e+201
0.00413223 -2.14402e+201
0.00413223 2.1578e+201
0.00413223 -4.28465e+201
0.00413223 5.61235e+201
0.00413223 -8.40418e+201
0.00413223 8.88995e+201
0.00413223 -1.67017e+202
0.00413223 1.93738e+202
0.00413223 -3.29357e+202
0.00413223 3.31473e+202
0.00413223 -6.58192e+202
0.00413223 8.62148e+202
0.00413223 -1.29102e+203
0.00413223 1.36564e+203
0.00413223 -2.56565e+203
0.00413223 2.97614e+203
0.00413223 -5.05946e+203
0.00413223 5.09197e+203
0.00413223 -1.01109e+204
0.00413223 1.3244e+204
0.00413223 -1.98322e+204
0.00413223 2.09785e+204
0.00413223 -3.94125e+204
0.00413223 4.57183e+204
0.00413223 -7.77215e+204
0.00413223 7.82209e+204
0.00413223 -1.5532e+205
0.00413223 2.03449e+205
0.00413223 -3.04655e+205
0.00413223 3.22264e+205
0.00413223 -6.05441e+205
0.00413223 7.02308e+205
0.00413223 -1.19393e+206
0.00413223 1.2016e+206
0.00413223 -2.38597e+206
0.00413223 3.12532e+206
0.00413223 -4.67999e+206
0.00413223 4.9505e+206
0.00413223 -9.30056e+206
0.00413223 1.07886e+207
0.00413223 -1.83407e+207
0.00413223 1.84586e+207
0.00413223 -3.66524e+207
0.00413223 4.801e+207
0.00413223 -7.18923e+207
0.00413223 7.60477e+207
0.00413223 -1.42872e+208
0.00413223 1.6573e+208
0.00413223 -2.81743e+208
0.00413223 2.83553e+208
0.00413223 -5.6304e+208
0.00413223 7.37511e+208
0.00413223 -1.10438e+209
0.00413223 1.16822e+209
0.00413223 -2.19474e+209
0.00413223 2.54589e+209
0.00413223 -4.32803e+209
0.00413223 4.35584e+209
0.00413223 -8.64922e+209
0.00413223 1.13294e+210
0.00413223 -1.69651e+210
0.00413223 1.79457e+210
0.00413223 -3.37148e+210
0.00413223 3.9109e+210
0.00413223 -6.64857e+210
0.00413223 6.69129e+210
0.00413223 -1.32866e+211
0.00413223 1.74038e+211
0.00413223 -2.60612e+211
0.00413223 2.75675e+211
0.00413223 -5.17915e+211
0.00413223 6.00778e+211
0.00413223 -1.02133e+212
0.00413223 1.02789e+212
0.00413223 -2.04104e+212
0.00413223 2.6735e+212
0.00413223 -4.00343e+212
0.00413223 4.23483e+212
0.00413223 -7.95602e+212
0.00413223 9.22894e+212
0.00413223 -1.56893e+213
0.00413223 1.57901e+213
0.00413223 -3.13537e+213
0.00413223 4.10694e+213
0.00413223 -6.14992e+213
0.00413223 6.50538e+213
0.00413223 -1.22217e+214
0.00413223 1.41772e+214
0.00413223 -2.41013e+214
0.00413223 2.42561e+214
0.00413223 -4.81644e+214
0.00413223 6.30893e+214
0.00413223 -9.44727e+214
0.00413223 9.99333e+214
0.00413223 -1.87746e+215
0.00413223 2.17784e+215
0.00413223 -3.70235e+215
0.00413223 3.72614e+215
0.00413223 -7.39884e+215
0.00413223 9.69154e+215
0.00413223 -1.45126e+216
0.00413223 1.53514e+216
0.00413223 -2.88408e+216
0.00413223 3.34552e+216
0.00413223 -5.68742e+216
0.00413223 5.72396e+216
0.00413223 -1.13658e+217
0.00413223 1.48878e+217
0.00413223 -2.22937e+217
0.00413223 2.35822e+217
0.00413223 -4.43042e+217
0.00413223 5.13927e+217
0.00413223 -8.7368e+217
0.00413223 8.79294e+217
0.00413223 -1.74598e+218
0.00413223 2.28701e+218
0.00413223 -3.42467e+218
0.00413223 3.62262e+218
0.00413223 -6.80585e+218
0.00413223 7.89475e+218
0.00413223 -1.34211e+219
0.00413223 1.35074e+219
0.00413223 -2.6821e+219
0.00413223 3.51322e+219
0.00413223 -5.26085e+219
0.00413223 5.56493e+219
0.00413223 -1.04549e+220
0.00413223 1.21276e+220
0.00413223 -2.06171e+220
0.00413223 2.07495e+220
0.00413223 -4.12015e+220
0.00413223 5.39687e+220
0.00413223 -8.08153e+220
0.00413223 8.54864e+220
0.00413223 -1.60604e+221
0.00413223 1.863e+221
0.00413223 -3.16712e+221
0.00413223 3.18747e+221
0.00413223 -6.32922e+221
0.00413223 8.29048e+221
0.00413223 -1.24145e+222
0.00413223 1.31321e+222
0.00413223 -2.46715e+222
0.00413223 2.86187e+222
0.00413223 -4.86521e+222
0.00413223 4.89647e+222
0.00413223 -9.72272e+222
0.00413223 1.27355e+223
0.00413223 -1.90708e+223
0.00413223 2.01731e+223
0.00413223 -3.78994e+223
0.00413223 4.39631e+223
0.00413223 -7.47376e+223
0.00413223 7.52178e+223
0.00413223 -1.49357e+224
0.00413223 1.95639e+224
0.00413223 -2.92958e+224
0.00413223 3.09891e+224
0.00413223 -5.82196e+224
0.00413223 6.75344e+224
0.00413223 -1.14809e+225
0.00413223 1.15547e+225
0.00413223 -2.29437e+225
0.00413223 3.00533e+225
0.00413223 -4.50031e+225
0.00413223 4.76043e+225
0.00413223 -8.94349e+225
0.00413223 1.03744e+226
0.00413223 -1.76366e+226
0.00413223 1.77499e+226
0.00413223 -3.52452e+226
0.00413223 4.61667e+226
0.00413223 -6.91322e+226
0.00413223 7.3128e+226
0.00413223 -1.37387e+227
0.00413223 1.59368e+227
0.00413223 -2.70926e+227
0.00413223 2.72667e+227
0.00413223 -5.41424e+227
0.00413223 7.09196e+227
0.00413223 -1.06198e+228
0.00413223 1.12337e+228
0.00413223 -2.11048e+228
0.00413223 2.44815e+228
0.00413223 -4.16187e+228
0.00413223 4.18861e+228
0.00413223 -8.31715e+228
0.00413223 1.08944e+229
0.00413223 -1.63138e+229
0.00413223 1.72567e+229
0.00413223 -3.24204e+229
0.00413223 3.76075e+229
0.00413223 -6.39331e+229
0.00413223 6.43439e+229
0.00413223 -1.27765e+230
0.00413223 1.67356e+230
0.00413223 -2.50606e+230
0.00413223 2.65092e+230
0.00413223 -4.98031e+230
0.00413223 5.77713e+230
0.00413223 -9.82117e+230
0.00413223 9.88428e+230
0.00413223 -1.96268e+231
0.00413223 2.57086e+231
0.00413223 -3.84972e+231
0.00413223 4.07224e+231
0.00413223 -7.65057e+231
0.00413223 8.87461e+231
0.00413223 -1.50869e+232
0.00413223 1.51839e+232
0.00413223 -3.015e+232
0.00413223 3.94926e+232
0.00413223 -5.91381e+232
0.00413223 6.25563e+232
0.00413223 -1.17525e+233
0.00413223 1.36329e+233
0.00413223 -2.3176e+233
0.00413223 2.33249e+233
0.00413223 -4.63153e+233
0.00413223 6.06671e+233
0.00413223 -9.08457e+233
0.00413223 9.60966e+233
0.00413223 -1.80538e+234
0.00413223 2.09423e+234
0.00413223 -3.56021e+234
0.00413223 3.58308e+234
0.00413223 -7.11478e+234
0.00413223 9.31946e+234
0.00413223 -1.39554e+235
0.00413223 1.4762e+235
0.00413223 -2.77336e+235
0.00413223 3.21708e+235
0.00413223 -5.46906e+235
0.00413223 5.5042e+235
0.00413223 -1.09295e+236
0.00413223 1.43162e+236
0.00413223 -2.14377e+236
0.00413223 2.26769e+236
0.00413223 -4.26033e+236
0.00413223 4.94196e+236
0.00413223 -8.40137e+236
0.00413223 8.45535e+236
0.00413223 -1.67894e+237
0.00413223 2.1992e+237
0.00413223 -3.29319e+237
0.00413223 3.48354e+237
0.00413223 -6.54456e+237
0.00413223 7.59165e+237
0.00413223 -1.29059e+238
0.00413223 1.29888e+238
0.00413223 -2.57913e+238
0.00413223 3.37834e+238
0.00413223 -5.05887e+238
0.00413223 5.35128e+238
0.00413223 -1.00535e+239
0.00413223 1.1662e+239
0.00413223 -1.98255e+239
0.00413223 1.99529e+239
0.00413223 -3.96197e+239
0.00413223 5.18968e+239
0.00413223 -7.77126e+239
0.00413223 8.22044e+239
0.00413223 -1.54438e+240
0.00413223 1.79148e+240
0.00413223 -3.04553e+240
0.00413223 3.06509e+240
0.00413223 -6.08623e+240
0.00413223 7.97219e+240
0.00413223 -1.19379e+241
0.00413223 1.26279e+241
0.00413223 -2.37243e+241
0.00413223 2.752e+241
0.00413223 -4.67842e+241
0.00413223 4.70849e+241
0.00413223 -9.34944e+241
0.00413223 1.22466e+242
0.00413223 -1.83386e+242
0.00413223 1.93986e+242
0.00413223 -3.64443e+242
0.00413223 4.22752e+242
0.00413223 -7.18682e+242
0.00413223 7.233e+242
0.00413223 -1.43623e+243
0.00413223 1.88128e+243
0.00413223 -2.81711e+243
0.00413223 2.97994e+243
0.00413223 -5.59844e+243
0.00413223 6.49416e+243
0.00413223 -1.10401e+244
0.00413223 1.11111e+244
0.00413223 -2.20628e+244
0.00413223 2.88995e+244
0.00413223 -4.32754e+244
0.00413223 4.57767e+244
0.00413223 -8.60012e+244
0.00413223 9.97609e+244
0.00413223 -1.69594e+245
0.00413223 1.70684e+245
0.00413223 -3.3892e+245
0.00413223 4.43943e+245
0.00413223 -6.6478e+245
0.00413223 7.03205e+245
0.00413223 -1.32112e+246
0.00413223 1.53249e+246
0.00413223 -2.60525e+246
0.00413223 2.62199e+246
0.00413223 -5.20637e+246
0.00413223 6.81969e+246
0.00413223 -1.02121e+247
0.00413223 1.08024e+247
0.00413223 -2.02946e+247
0.00413223 2.35416e+247
0.00413223 -4.00209e+247
0.00413223 4.0278e+247
0.00413223 -7.99784e+247
0.00413223 1.04762e+248
0.00413223 -1.56875e+248
0.00413223 1.65942e+248
0.00413223 -3.11757e+248
0.00413223 3.61637e+248
0.00413223 -6.14786e+248
0.00413223 6.18736e+248
0.00413223 -1.2286e+249
0.00413223 1.60931e+249
0.00413223 -2.40985e+249
0.00413223 2.54914e+249
0.00413223 -4.7891e+249
0.00413223 5.55533e+249
0.00413223 -9.44411e+249
0.00413223 9.5048e+249
0.00413223 -1.88733e+250
0.00413223 2.47216e+250
0.00413223 -3.70192e+250
0.00413223 3.9159e+250
0.00413223 -7.35684e+250
0.00413223 8.5339e+250
0.00413223 -1.45077e+251
0.00413223 1.46009e+251
0.00413223 -2.89924e+251
0.00413223 3.79764e+251
0.00413223 -5.68676e+251
0.00413223 6.01546e+251
0.00413223 -1.13013e+252
0.00413223 1.31095e+252
0.00413223 -2.22862e+252
0.00413223 2.24294e+252
0.00413223 -4.45371e+252
0.00413223 5.8338e+252
0.00413223 -8.73579e+252
0.00413223 9.24072e+252
0.00413223 -1.73607e+253
0.00413223 2.01383e+253
0.00413223 -3.42352e+253
0.00413223 3.44552e+253
0.00413223 -6.84163e+253
0.00413223 8.96166e+253
0.00413223 -1.34196e+254
0.00413223 1.41953e+254
0.00413223 -2.66688e+254
0.00413223 3.09357e+254
0.00413223 -5.25909e+254
0.00413223 5.29288e+254
0.00413223 -1.05099e+255
0.00413223 1.37666e+255
0.00413223 -2.06147e+255
0.00413223 2.18062e+255
0.00413223 -4.09676e+255
0.00413223 4.75222e+255
0.00413223 -8.07882e+255
0.00413223 8.13073e+255
0.00413223 -1.61449e+256
0.00413223 2.11477e+256
0.00413223 -3.16675e+256
0.00413223 3.34979e+256
0.00413223 -6.2933e+256
0.00413223 7.30019e+256
0.00413223 -1.24104e+257
0.00413223 1.24901e+257
0.00413223 -2.48011e+257
0.00413223 3.24863e+257
0.00413223 -4.86465e+257
0.00413223 5.14583e+257
0.00413223 -9.66753e+257
0.00413223 1.12143e+258
0.00413223 -1.90644e+258
0.00413223 1.91869e+258
0.00413223 -3.80986e+258
0.00413223 4.99043e+258
0.00413223 -7.4729e+258
0.00413223 7.90483e+258
0.00413223 -1.48509e+259
0.00413223 1.7227e+259
0.00413223 -2.9286e+259
0.00413223 2.94742e+259
0.00413223 -5.85256e+259
0.00413223 7.66612e+259
0.00413223 -1.14796e+260
0.00413223 1.21431e+260
0.00413223 -2.28134e+260
0.00413223 2.64634e+260
0.00413223 -4.49881e+260
0.00413223 4.52772e+260
0.00413223 -8.99049e+260
0.00413223 1.17764e+261
0.00413223 -1.76345e+261
0.00413223 1.86538e+261
0.00413223 -3.50451e+261
0.00413223 4.06522e+261
0.00413223 -6.9109e+261
0.00413223 6.95531e+261
0.00413223 -1.38109e+262
0.00413223 1.80905e+262
0.00413223 -2.70895e+262
0.00413223 2.86553e+262
0.00413223 -5.38351e+262
0.00413223 6.24484e+262
0.00413223 -1.06163e+263
0.00413223 1.06845e+263
0.00413223 -2.12157e+263
0.00413223 2.77899e+263
0.00413223 -4.16139e+263
0.00413223 4.40192e+263
0.00413223 -8.26994e+263
0.00413223 9.59309e+263
0.00413223 -1.63083e+264
0.00413223 1.64131e+264
0.00413223 -3.25908e+264
0.00413223 4.26899e+264
0.00413223 -6.39258e+264
0.00413223 6.76207e+264
0.00413223 -1.2704e+265
0.00413223 1.47365e+265
0.00413223 -2.50523e+265
0.00413223 2.52132e+265
0.00413223 -5.00649e+265
0.00413223 6.55786e+265
0.00413223 -9.82004e+265
0.00413223 1.03876e+266
0.00413223 -1.95154e+266
0.00413223 2.26377e+266
0.00413223 -3.84844e+266
0.00413223 3.87316e+266
0.00413223 -7.69078e+266
0.00413223 1.00739e+267
0.00413223 -1.50852e+267
0.00413223 1.59571e+267
0.00413223 -2.99788e+267
0.00413223 3.47753e+267
0.00413223 -5.91183e+267
0.00413223 5.94981e+267
0.00413223 -1.18143e+268
0.00413223 1.54752e+268
0.00413223 -2.31733e+268
0.00413223 2.45127e+268
0.00413223 -4.60524e+268
0.00413223 5.34205e+268
0.00413223 -9.08153e+268
0.00413223 9.13988e+268
0.00413223 -1.81487e+269
0.00413223 2.37725e+269
0.00413223 -3.5598e+269
0.00413223 3.76556e+269
0.00413223 -7.0744e+269
0.00413223 8.20626e+269
0.00413223 -1.39507e+270
0.00413223 1.40404e+270
0.00413223 -2.78793e+270
0.00413223 3.65184e+270
0.00413223 -5.46843e+270
0.00413223 5.78451e+270
0.00413223 -1.08674e+271
0.00413223 1.26062e+271
0.00413223 -2.14306e+271
0.00413223 2.15683e+271
0.00413223 -4.28272e+271
0.00413223 5.60982e+271
0.00413223 -8.4004e+271
0.00413223 8.88595e+271
0.00413223 -1.66941e+272
0.00413223 1.93651e+272
0.00413223 -3.29209e+272
0.00413223 3.31324e+272
0.00413223 -6.57896e+272
0.00413223 8.6176e+272
0.00413223 -1.29044e+273
0.00413223 1.36503e+273
0.00413223 -2.56449e+273
0.00413223 2.9748e+273
0.00413223 -5.05718e+273
0.00413223 5.08968e+273
0.00413223 -1.01064e+274
0.00413223 1.3238e+274
0.00413223 -1.98233e+274
0.00413223 2.0969e+274
0.00413223 -3.93948e+274
0.00413223 4.56977e+274
0.00413223 -7.76866e+274
0.00413223 7.81857e+274
0.00413223 -1.5525e+275
0.00413223 2.03358e+275
0.00413223 -3.04517e+275
0.00413223 3.22119e+275
0.00413223 -6.05168e+275
0.00413223 7.01992e+275
0.00413223 -1.19339e+276
0.00413223 1.20106e+276
0.00413223 -2.3849e+276
0.00413223 3.12391e+276
0.00413223 -4.67789e+276
0.00413223 4.94827e+276
0.00413223 -9.29637e+276
0.00413223 1.07837e+277
0.00413223 -1.83325e+277
0.00413223 1.84503e+277
0.00413223 -3.66359e+277
0.00413223 4.79884e+277
0.00413223 -7.186e+277
0.00413223 7.60135e+277
0.00413223 -1.42807e+278
0.00413223 1.65656e+278
0.00413223 -2.81616e+278
0.00413223 2.83426e+278
0.00413223 -5.62787e+278
0.00413223 7.3718e+278
0.00413223 -1.10389e+279
0.00413223 1.16769e+279
0.00413223 -2.19376e+279
0.00413223 2.54474e+279
0.00413223 -4.32609e+279
0.00413223 4.35389e+279
0.00413223 -8.64533e+279
0.00413223 1.13243e+280
0.00413223 -1.69575e+280
0.00413223 1.79376e+280
0.00413223 -3.36997e+280
0.00413223 3.90914e+280
0.00413223 -6.64558e+280
0.00413223 6.68828e+280
0.00413223 -1.32806e+281
0.00413223 1.73959e+281
0.00413223 -2.60495e+281
0.00413223 2.75551e+281
0.00413223 -5.17682e+281
0.00413223 6.00508e+281
0.00413223 -1.02087e+282
0.00413223 1.02743e+282
0.00413223 -2.04012e+282
0.00413223 2.6723e+282
0.00413223 -4.00163e+282
0.00413223 4.23292e+282
0.00413223 -7.95244e+282
0.00413223 9.22479e+282
0.00413223 -1.56822e+283
0.00413223 1.5783e+283
0.00413223 -3.13396e+283
0.00413223 4.10509e+283
0.00413223 -6.14715e+283
0.00413223 6.50246e+283
0.00413223 -1.22162e+284
0.00413223 1.41708e+284
0.00413223 -2.40904e+284
0.00413223 2.42452e+284
0.00413223 -4.81428e+284
0.00413223 6.30609e+284
0.00413223 -9.44303e+284
0.00413223 9.98884e+284
0.00413223 -1.87661e+285
0.00413223 2.17686e+285
0.00413223 -3.70069e+285
0.00413223 3.72446e+285
0.00413223 -7.39551e+285
0.00413223 9.68718e+285
0.00413223 -1.4506e+286
0.00413223 1.53445e+286
0.00413223 -2.88279e+286
0.00413223 3.34402e+286
0.00413223 -5.68486e+286
0.00413223 5.72139e+286
0.00413223 -1.13607e+287
0.00413223 1.48811e+287
0.00413223 -2.22836e+287
0.00413223 2.35716e+287
0.00413223 -4.42843e+287
0.00413223 5.13695e+287
0.00413223 -8.73287e+287
0.00413223 8.78898e+287
0.00413223 -1.74519e+288
0.00413223 2.28598e+288
0.00413223 -3.42313e+288
0.00413223 3.62099e+288
0.00413223 -6.80279e+288
0.00413223 7.8912e+288
0.00413223 -1.34151e+289
0.00413223 1.35013e+289
0.00413223 -2.6809e+289
0.00413223 3.51164e+289
0.00413223 -5.25849e+289
0.00413223 5.56243e+289
0.00413223 -1.04502e+290
0.00413223 1.21222e+290
0.00413223 -2.06078e+290
0.00413223 2.07402e+290
0.00413223 -4.1183e+290
0.00413223 5.39445e+290
0.00413223 -8.07789e+290
0.00413223 8.5448e+290
0.00413223 -1.60532e+291
0.00413223 1.86216e+291
0.00413223 -3.16569e+291
0.00413223 3.18604e+291
0.00413223 -6.32638e+291
0.00413223 8.28675e+291
0.00413223 -1.2409e+292
0.00413223 1.31262e+292
0.00413223 -2.46604e+292
0.00413223 2.86059e+292
0.00413223 -4.86302e+292
0.00413223 4.89427e+292
0.00413223 -9.71835e+292
0.00413223 1.27298e+293
0.00413223 -1.90622e+293
0.00413223 2.0164e+293
0.00413223 -3.78823e+293
0.00413223 4.39433e+293
0.00413223 -7.4704e+293
0.00413223 7.5184e+293
0.00413223 -1.4929e+294
0.00413223 1.95551e+294
0.00413223 -2.92826e+294
0.00413223 3.09752e+294
0.00413223 -5.81934e+294
0.00413223 6.75041e+294
0.00413223 -1.14758e+295
0.00413223 1.15495e+295
0.00413223 -2.29333e+295
0.00413223 3.00398e+295
0.00413223 -4.49829e+295
0.00413223 4.75829e+295
0.00413223 -8.93946e+295
0.00413223 1.03697e+296
0.00413223 -1.76286e+296
0.00413223 1.77419e+296
0.00413223 -3.52293e+296
0.00413223 4.6146e+296
0.00413223 -6.91011e+296
0.00413223 7.30951e+296
0.00413223 -1.37325e+297
0.00413223 1.59296e+297
0.00413223 -2.70805e+297
0.00413223 2.72545e+297
0.00413223 -5.4118e+297
0.00413223 7.08878e+297
0.00413223 -1.06151e+298
0.00413223 1.12286e+298
0.00413223 -2.10953e+298
0.00413223 2.44705e+298
0.00413223 -4.16e+298
0.00413223 4.18673e+298
0.00413223 -8.31341e+298
0.00413223 1.08895e+299
0.00413223 -1.63065e+299
0.00413223 1.7249e+299
0.00413223 -3.24059e+299
0.00413223 3.75906e+299
0.00413223 -6.39044e+299
0.00413223 6.4315e+299
0.00413223 -1.27708e+300
0.00413223 1.67281e+300
0.00413223 -2.50494e+300
0.00413223 2.64972e+300
0.00413223 -4.97807e+300
0.00413223 5.77453e+300
0.00413223 -9.81676e+300
0.00413223 9.87983e+300
0.00413223 -1.9618e+301
0.00413223 2.56971e+301
0.00413223 -3.84799e+301
0.00413223 4.07041e+301
0.00413223 -7.64713e+301
0.00413223 8.87062e+301
0.00413223 -1.50801e+302
0.00413223 1.5177e+302
0.00413223 -3.01364e+302
0.00413223 3.94749e+302
0.00413223 -5.91115e+302
0.00413223 6.25281e+302
0.00413223 -1.17472e+303
0.00413223 1.36267e+303
0.00413223 -2.31656e+303
0.00413223 2.33144e+303
0.00413223 -4.62944e+303
0.00413223 6.06398e+303
0.00413223 -9.08049e+303
0.00413223 9.60534e+303
0.00413223 -1.80457e+304
0.00413223 2.09329e+304
0.00413223 -3.55861e+304
0.00413223 3.58147e+304
0.00413223 -7.11158e+304
0.00413223 9.31527e+304
0.00413223 -1.39491e+305
0.00413223 1.47554e+305
0.00413223 -2.77211e+305
0.00413223 3.21563e+305
0.00413223 -5.4666e+305
0.00413223 inf
0.00413223 -nan
0.00413223 -nan
0.00413223 -nan
0.00413223 -nan
0.00413223 -nan
0.00413223 -nan
0.00413223 -nan
