0.00991736 0.00661157
-0.00396694 -0.0105785
0.0154711 0.0341157
-0.0117421 -0.0820893
0.0263564 0.220044
-0.0269816 -0.565502
0.0476915 1.47692
-0.0568508 -3.83337
0.0895085 9.97338
-0.115394 -25.9242
0.17147 67.4094
-0.23014 -175.258
0.332114 455.677
-0.455042 -1184.75
0.646976 3080.37
-0.895848 -8008.95
1.26411 20823.3
-1.75983 -54140.5
2.47368 140765
-3.45323 -365990
4.84444 951574
-6.7723 -2.47409e+06
9.49114 6.43264e+06
-13.2777 -1.67249e+07
18.5987 4.34846e+07
-26.0282 -1.1306e+08
36.4494 2.93956e+08
-51.0193 -7.64286e+08
71.4369 1.98714e+09
-100.002 -5.16657e+09
140.012 1.34331e+10
-196.007 -3.4926e+10
274.42 9.08077e+10
-384.179 -2.361e+11
537.86 6.1386e+11
-752.994 -1.59604e+12
1054.2 4.14969e+12
-1475.87 -1.07892e+13
2066.23 2.80519e+13
-2892.71 -7.2935e+13
4049.81 1.89631e+14
-5669.72 -4.93041e+14
7937.62 1.28191e+15
-11112.7 -3.33295e+15
15557.7 8.66568e+15
-21780.8 -2.25308e+16
30493.2 5.858e+16
-42690.4 -1.52308e+17
59766.6 3.96001e+17
-83673.2 -1.0296e+18
117142 2.67697e+18
-163999 -6.96011e+18
229599 1.80963e+19
-321439 -4.70504e+19
450015 1.22331e+20
-630020 -3.1806e+20
882029 8.26957e+20
-1.23484e+06 -2.15009e+21
1.72878e+06 5.59023e+21
-2.42029e+06 -1.45346e+22
3.3884e+06 3.779e+22
-4.74376e+06 -9.82539e+22
6.64127e+06 2.5546e+23
-9.29777e+06 -6.64196e+23
1.30169e+07 1.72691e+24
-1.82236e+07 -4.48997e+24
2.55131e+07 1.16739e+25
-3.57183e+07 -3.03522e+25
5.00057e+07 7.89156e+25
-7.00079e+07 -2.05181e+26
9.80111e+07 5.3347e+26
-1.37216e+08 -1.38702e+27
1.92102e+08 3.60626e+27
-2.68942e+08 -9.37626e+27
3.76519e+08 2.43783e+28
-5.27127e+08 -6.33836e+28
7.37978e+08 1.64797e+29
-1.03317e+09 -4.28473e+29
1.44644e+09 1.11403e+30
-2.02501e+09 -2.89648e+30
2.83502e+09 7.53084e+30
-3.96902e+09 -1.95802e+31
5.55663e+09 5.09085e+31
-7.77928e+09 -1.32362e+32
1.0891e+10 3.44141e+32
-1.52474e+10 -8.94767e+32
2.13464e+10 2.32639e+33
-2.98849e+10 -6.04863e+33
4.18389e+10 1.57264e+34
-5.85744e+10 -4.08887e+34
8.20042e+10 1.06311e+35
-1.14806e+11 -2.76408e+35
1.60728e+11 7.1866e+35
-2.25019e+11 -1.86852e+36
3.15027e+11 4.85814e+36
-4.41038e+11 -1.26312e+37
6.17453e+11 3.2841e+37
-8.64435e+11 -8.53867e+37
1.21021e+12 2.22005e+38
-1.69429e+12 -5.77214e+38
2.37201e+12 1.50076e+39
-3.32081e+12 -3.90197e+39
4.64914e+12 1.01451e+40
-6.50879e+12 -2.63773e+40
9.11231e+12 6.8581e+40
-1.27572e+13 -1.78311e+41
1.78601e+13 4.63607e+41
-2.50042e+13 -1.20538e+42
3.50058e+13 3.13399e+42
-4.90082e+13 -8.14836e+42
6.86114e+13 2.11857e+43
-9.6056e+13 -5.50829e+43
1.34478e+14 1.43216e+44
-1.8827e+14 -3.72361e+44
2.63578e+14 9.68138e+44
-3.69009e+14 -2.51716e+45
5.16612e+14 6.54461e+45
-7.23257e+14 -1.7016e+46
1.01256e+15 4.42416e+46
-1.41758e+15 -1.15028e+47
1.98462e+15 2.99073e+47
-2.77847e+15 -7.7759e+47
3.88985e+15 2.02173e+48
-5.44579e+15 -5.25651e+48
7.62411e+15 1.36669e+49
-1.06738e+16 -3.5534e+49
1.49433e+16 9.23884e+49
-2.09206e+16 -2.4021e+50
2.92888e+16 6.24545e+50
-4.10043e+16 -1.62382e+51
5.7406e+16 4.22193e+51
-8.03684e+16 -1.0977e+52
1.12516e+17 2.85402e+52
-1.57522e+17 -7.42046e+52
2.20531e+17 1.92932e+53
-3.08743e+17 -5.01623e+53
4.32241e+17 1.30422e+54
-6.05137e+17 -3.39097e+54
8.47192e+17 8.81653e+54
-1.18607e+18 -2.2923e+55
1.6605e+18 5.95997e+55
-2.32469e+18 -1.54959e+56
3.25457e+18 4.02894e+56
-4.5564e+18 -1.04752e+57
6.37896e+18 2.72356e+57
-8.93054e+18 -7.08127e+57
1.25028e+19 1.84113e+58
-1.75039e+19 -4.78694e+58
2.45054e+19 1.2446e+59
-3.43076e+19 -3.23597e+59
4.80306e+19 8.41352e+59
-6.72428e+19 -2.18751e+60
9.414e+19 5.68754e+60
-1.31796e+20 -1.47876e+61
1.84514e+20 3.84478e+61
-2.5832e+20 -9.99642e+61
3.61648e+20 2.59907e+62
-5.06307e+20 -6.75758e+62
7.0883e+20 1.75697e+63
-9.92362e+20 -4.56812e+63
1.38931e+21 1.18771e+64
-1.94503e+21 -3.08805e+64
2.72304e+21 8.02893e+64
-3.81226e+21 -2.08752e+65
5.33716e+21 5.42756e+65
-7.47203e+21 -1.41117e+66
1.04608e+22 3.66903e+66
-1.46452e+22 -9.53948e+66
2.05032e+22 2.48026e+67
-2.87045e+22 -6.44869e+67
4.01864e+22 1.67666e+68
-5.62609e+22 -4.35931e+68
7.87653e+22 1.13342e+69
-1.10271e+23 -2.9469e+69
1.5438e+23 7.66193e+69
-2.16132e+23 -1.9921e+70
3.02585e+23 5.17946e+70
-4.23619e+23 -1.34666e+71
5.93066e+23 3.50132e+71
-8.30292e+23 -9.10342e+71
1.16241e+24 2.36689e+72
-1.62737e+24 -6.15391e+72
2.27832e+24 1.60002e+73
-3.18965e+24 -4.16005e+73
4.46551e+24 1.08161e+74
-6.25172e+24 -2.81219e+74
8.7524e+24 7.3117e+74
-1.22534e+25 -1.90104e+75
1.71547e+25 4.94271e+75
-2.40166e+25 -1.2851e+76
3.36232e+25 3.34127e+76
-4.70725e+25 -8.6873e+76
6.59015e+25 2.2587e+77
-9.22621e+25 -5.87262e+77
1.29167e+26 1.52688e+78
-1.80834e+26 -3.96989e+78
2.53167e+26 1.03217e+79
-3.54434e+26 -2.68364e+79
4.96208e+26 6.97748e+79
-6.94691e+26 -1.81414e+80
9.72568e+26 4.71677e+80
-1.36159e+27 -1.22636e+81
1.90623e+27 3.18854e+81
-2.66873e+27 -8.2902e+81
3.73622e+27 2.15545e+82
-5.2307e+27 -5.60418e+82
7.32298e+27 1.45709e+83
-1.02522e+28 -3.78842e+83
1.4353e+28 9.8499e+83
-2.00943e+28 -2.56097e+84
2.8132e+28 6.65853e+84
-3.93848e+28 -1.73122e+85
5.51387e+28 4.50117e+85
-7.71941e+28 -1.1703e+86
1.08072e+29 3.04279e+86
-1.513e+29 -7.91125e+86
2.11821e+29 2.05693e+87
-2.96549e+29 -5.34801e+87
4.15169e+29 1.39048e+88
-5.81236e+29 -3.61525e+88
8.1373e+29 9.39966e+88
-1.13922e+30 -2.44391e+89
1.59491e+30 6.35417e+89
-2.23288e+30 -1.65208e+90
3.12603e+30 4.29542e+90
-4.37644e+30 -1.11681e+91
6.12701e+30 2.9037e+91
-8.57782e+30 -7.54963e+91
1.20089e+31 1.9629e+92
-1.68125e+31 -5.10355e+92
2.35375e+31 1.32692e+93
-3.29525e+31 -3.45e+93
4.61336e+31 8.96999e+93
-6.4587e+31 -2.3322e+94
9.04218e+31 6.06372e+94
-1.2659e+32 -1.57657e+95
1.77227e+32 4.09907e+95
-2.48117e+32 -1.06576e+96
3.47364e+32 2.77097e+96
-4.8631e+32 -7.20453e+96
6.80834e+32 1.87318e+97
-9.53168e+32 -4.87026e+97
1.33443e+33 1.26627e+98
-1.86821e+33 -3.2923e+98
2.61549e+33 8.55997e+98
-3.66169e+33 -2.22559e+99
5.12636e+33 5.78654e+99
-7.17691e+33 -1.5045e+100
1.00477e+34 3.9117e+100
-1.40667e+34 -1.01704e+101
1.96934e+34 2.64431e+101
-2.75708e+34 -6.87521e+101
3.85991e+34 1.78755e+102
-5.40388e+34 -4.64764e+102
7.56543e+34 1.20839e+103
-1.05916e+35 -3.1418e+103
1.48282e+35 8.16869e+103
-2.07595e+35 -2.12386e+104
2.90634e+35 5.52204e+104
-4.06887e+35 -1.43573e+105
5.69642e+35 3.7329e+105
-7.97499e+35 -9.70553e+105
1.1165e+36 2.52344e+106
-1.5631e+36 -6.56094e+106
2.18834e+36 1.70584e+107
-3.06367e+36 -4.43519e+107
4.28914e+36 1.15315e+108
-6.0048e+36 -2.99819e+108
8.40671e+36 7.7953e+108
-1.17694e+37 -2.02678e+109
1.64772e+37 5.26962e+109
-2.3068e+37 -1.3701e+110
3.22952e+37 3.56226e+110
-4.52133e+37 -9.26189e+110
6.32986e+37 2.40809e+111
-8.86181e+37 -6.26104e+111
1.24065e+38 1.62787e+112
-1.73691e+38 -4.23246e+112
2.43168e+38 1.10044e+113
-3.40435e+38 -2.86114e+113
4.76609e+38 7.43897e+113
-6.67253e+38 -1.93413e+114
9.34155e+38 5.02874e+114
-1.30782e+39 -1.30747e+115
1.83094e+39 3.39943e+115
-2.56332e+39 -8.83852e+115
3.58865e+39 2.29802e+116
-5.02411e+39 -5.97484e+116
7.03375e+39 1.55346e+117
-9.84725e+39 -4.03899e+117
1.37862e+40 1.05014e+118
-1.93006e+40 -2.73036e+118
2.70209e+40 7.09893e+118
-3.78292e+40 -1.84572e+119
5.29609e+40 4.79888e+119
-7.41452e+40 -1.24771e+120
1.03803e+41 3.24404e+120
-1.45325e+41 -8.43451e+120
2.03455e+41 2.19297e+121
-2.84836e+41 -5.70173e+121
3.98771e+41 1.48245e+122
-5.58279e+41 -3.85437e+122
7.81591e+41 1.00214e+123
-1.09423e+42 -2.60555e+123
1.53192e+42 6.77444e+123
-2.14469e+42 -1.76135e+124
3.00256e+42 4.57952e+124
-4.20358e+42 -1.19068e+125
5.88502e+42 3.09576e+125
-8.23902e+42 -8.04896e+125
1.15346e+43 2.09273e+126
-1.61485e+43 -5.4411e+126
2.26079e+43 1.41469e+127
-3.1651e+43 -3.67818e+127
4.43114e+43 9.56328e+127
-6.2036e+43 -2.48645e+128
8.68504e+43 6.46478e+128
-1.21591e+44 -1.68084e+129
1.70227e+44 4.37019e+129
-2.38318e+44 -1.13625e+130
3.33645e+44 2.95425e+130
-4.67102e+44 -7.68104e+130
6.53943e+44 1.99707e+131
-9.15521e+44 -5.19238e+131
1.28173e+45 1.35002e+132
-1.79442e+45 -3.51005e+132
2.51219e+45 9.12614e+132
-3.51706e+45 -2.3728e+133
4.92389e+45 6.16927e+133
-6.89345e+45 -1.60401e+134
9.65083e+45 4.17042e+134
-1.35112e+46 -1.08431e+135
1.89156e+46 2.81921e+135
-2.64819e+46 -7.32994e+135
3.70746e+46 1.90578e+136
-5.19045e+46 -4.95504e+136
7.26662e+46 1.28831e+137
-1.01733e+47 -3.34961e+137
1.42426e+47 8.70898e+137
-1.99396e+47 -2.26433e+138
2.79155e+47 5.88727e+138
-3.90816e+47 -1.53069e+139
5.47143e+47 3.97979e+139
-7.66e+47 -1.03475e+140
1.0724e+48 2.69034e+140
-1.50136e+48 -6.99488e+140
2.1019e+48 1.81867e+141
-2.94267e+48 -4.72854e+141
4.11973e+48 1.22942e+142
-5.76763e+48 -3.19649e+142
8.07468e+48 8.31088e+142
-1.13045e+49 -2.16083e+143
1.58264e+49 5.61816e+143
-2.21569e+49 -1.46072e+144
3.10197e+49 3.79787e+144
-4.34276e+49 -9.87447e+144
6.07986e+49 2.56736e+145
-8.5118e+49 -6.67514e+145
1.19165e+50 1.73554e+146
-1.66831e+50 -4.5124e+146
2.33564e+50 1.17322e+147
-3.26989e+50 -3.05038e+147
4.57785e+50 7.93099e+147
-6.40899e+50 -2.06206e+148
8.97259e+50 5.36135e+148
-1.25616e+51 -1.39395e+149
1.75863e+51 3.62427e+149
-2.46208e+51 -9.42311e+149
3.44691e+51 2.45001e+150
-4.82567e+51 -6.37002e+150
6.75594e+51 1.65621e+151
-9.45832e+51 -4.30613e+151
1.32416e+52 1.11959e+152
-1.85383e+52 -2.91095e+152
2.59536e+52 7.56846e+152
-3.63351e+52 -1.9678e+153
5.08691e+52 5.11628e+153
-7.12167e+52 -1.33023e+154
9.97034e+52 3.45861e+154
-1.39585e+53 -8.99237e+154
1.95419e+53 2.33802e+155
-2.73586e+53 -6.07884e+155
3.83021e+53 1.5805e+156
-5.36229e+53 -4.1093e+156
7.50721e+53 1.06842e+157
-1.05101e+54 -2.77789e+157
1.47141e+54 7.2225e+157
-2.05998e+54 -1.87785e+158
2.88397e+54 4.88241e+158
-4.03756e+54 -1.26943e+159
5.65258e+54 3.30051e+159
-7.91361e+54 -8.58133e+159
1.10791e+55 2.23115e+160
-1.55107e+55 -5.80098e+160
2.17149e+55 1.50825e+161
-3.04009e+55 -3.92146e+161
4.25613e+55 1.01958e+162
-5.95858e+55 -2.65091e+162
8.34201e+55 6.89236e+162
-1.16788e+56 -1.79201e+163
1.63503e+56 4.65924e+163
-2.28905e+56 -1.2114e+164
3.20467e+56 3.14964e+164
-4.48653e+56 -8.18907e+164
6.28115e+56 2.12916e+165
-8.79361e+56 -5.53581e+165
1.23111e+57 1.43931e+166
-1.72355e+57 -3.74221e+166
2.41297e+57 9.72974e+166
-3.37815e+57 -2.52973e+167
4.72941e+57 6.57731e+167
-6.62118e+57 -1.7101e+168
9.26965e+57 4.44626e+168
-1.29775e+58 -1.15603e+169
1.81685e+58 3.00567e+169
-2.54359e+58 -7.81475e+169
3.56103e+58 2.03183e+170
-4.98544e+58 -5.28277e+170
6.97962e+58 1.37352e+171
-9.77146e+58 -3.57115e+171
1.368e+59 9.28499e+171
-1.91521e+59 -2.4141e+172
2.68129e+59 6.27666e+172
-3.75381e+59 -1.63193e+173
5.25533e+59 4.24302e+173
-7.35746e+59 -1.10319e+174
1.03004e+60 2.86828e+174
-1.44206e+60 -7.45753e+174
2.01889e+60 1.93896e+175
-2.82644e+60 -5.04129e+175
3.95702e+60 1.31074e+176
-5.53983e+60 -3.40791e+176
7.75576e+60 8.86057e+176
-1.08581e+61 -2.30375e+177
1.52013e+61 5.98975e+177
-2.12818e+61 -1.55733e+178
2.97945e+61 4.04907e+178
-4.17123e+61 -1.05276e+179
5.83972e+61 2.73717e+179
-8.17561e+61 -7.11664e+179
1.14459e+62 1.85033e+180
-1.60242e+62 -4.81085e+180
2.24339e+62 1.25082e+181
-3.14074e+62 -3.25214e+181
4.39704e+62 8.45555e+181
-6.15586e+62 -2.19844e+182
8.6182e+62 5.71595e+182
-1.20655e+63 -1.48615e+183
1.68917e+63 3.86398e+183
-2.36483e+63 -1.00464e+184
3.31077e+63 2.61205e+184
-4.63507e+63 -6.79134e+184
6.4891e+63 1.76575e+185
-9.08475e+63 -4.59095e+185
1.27186e+64 1.19365e+186
-1.78061e+64 -3.10348e+186
2.49285e+64 8.06905e+186
-3.49e+64 -2.09795e+187
4.88599e+64 5.45467e+187
-6.84039e+64 -1.41822e+188
9.57655e+64 3.68736e+188
-1.34072e+65 -9.58714e+188
1.877e+65 2.49266e+189
-2.62781e+65 -6.4809e+189
3.67893e+65 1.68503e+190
-5.1505e+65 -4.38109e+190
7.2107e+65 1.13908e+191
-1.0095e+66 -2.96162e+191
1.4133e+66 7.70021e+191
-1.97862e+66 -2.00205e+192
2.77006e+66 5.20534e+192
-3.87809e+66 -1.35339e+193
5.42932e+66 3.51881e+193
-7.60105e+66 -9.1489e+193
1.06415e+67 2.37871e+194
-1.48981e+67 -6.18466e+194
2.08573e+67 1.60801e+195
-2.92002e+67 -4.18083e+195
4.08803e+67 1.08702e+196
-5.72324e+67 -2.82624e+196
8.01253e+67 7.34823e+196
-1.12175e+68 -1.91054e+197
1.57046e+68 4.9674e+197
-2.19864e+68 -1.29152e+198
3.07809e+68 3.35796e+198
-4.30933e+68 -8.7307e+198
6.03307e+68 2.26998e+199
-8.44629e+68 -5.90196e+199
1.18248e+69 1.53451e+200
-1.65547e+69 -3.98972e+200
2.31766e+69 1.03733e+201
-3.24473e+69 -2.69705e+201
4.54262e+69 7.01234e+201
-6.35967e+69 -1.82321e+202
8.90353e+69 4.74034e+202
-1.24649e+70 -1.23249e+203
1.74509e+70 3.20447e+203
-2.44313e+70 -8.33162e+203
3.42038e+70 2.16622e+204
-4.78853e+70 -5.63217e+204
6.70395e+70 1.46437e+205
-9.38552e+70 -3.80735e+205
1.31397e+71 9.89911e+205
-1.83956e+71 -2.57377e+206
2.57539e+71 6.6918e+206
-3.60554e+71 -1.73987e+207
5.04776e+71 4.52366e+207
-7.06686e+71 -1.17615e+208
9.89361e+71 3.05799e+208
-1.38511e+72 -7.95078e+208
1.93915e+72 2.0672e+209
-2.71481e+72 -5.37473e+209
3.80073e+72 1.39743e+210
-5.32102e+72 -3.63331e+210
7.44943e+72 9.44662e+210
-1.04292e+73 -2.45612e+211
1.46009e+73 6.38591e+211
-2.04412e+73 -1.66034e+212
2.86177e+73 4.31688e+212
-4.00648e+73 -1.12239e+213
5.60907e+73 2.91821e+213
-7.8527e+73 -7.58734e+213
1.09938e+74 1.97271e+214
-1.53913e+74 -5.12904e+214
2.15478e+74 1.33355e+215
-3.01669e+74 -3.46723e+215
4.22337e+74 9.01481e+215
-5.91272e+74 -2.34385e+216
8.27781e+74 6.09401e+216
-1.15889e+75 -1.58444e+217
1.62245e+75 4.11955e+217
-2.27143e+75 -1.07108e+218
3.18e+75 2.78482e+218
-4.45201e+75 -7.24052e+218
6.23281e+75 1.88254e+219
-8.72593e+75 -4.89459e+219
1.22163e+76 1.27259e+220
-1.71028e+76 -3.30875e+220
2.3944e+76 8.60274e+220
-3.35215e+76 -2.23671e+221
4.69301e+76 5.81545e+221
-6.57022e+76 -1.51202e+222
9.19831e+76 3.93124e+222
-1.28776e+77 -1.02212e+223
1.80287e+77 2.65752e+223
-2.52402e+77 -6.90956e+223
3.53362e+77 1.79648e+224
-4.94707e+77 -4.67086e+224
6.9259e+77 1.21442e+225
-9.69626e+77 -3.1575e+225
1.35748e+78 8.2095e+225
-1.90047e+78 -2.13447e+226
2.66065e+78 5.54962e+226
-3.72492e+78 -1.4429e+227
5.21488e+78 3.75155e+227
-7.30083e+78 -9.75402e+227
1.02212e+79 2.53604e+228
-1.43096e+79 -6.59372e+228
2.00335e+79 1.71437e+229
-2.80469e+79 -4.45735e+229
3.92656e+79 1.15891e+230
-5.49719e+79 -3.01317e+230
7.69606e+79 7.83424e+230
-1.07745e+80 -2.0369e+231
1.50843e+80 5.29595e+231
-2.1118e+80 -1.37695e+232
2.95652e+80 3.58006e+232
-4.13913e+80 -9.30816e+232
5.79478e+80 2.42012e+233
-8.11269e+80 -6.29232e+233
1.13578e+81 1.636e+234
-1.59009e+81 -4.2536e+234
2.22612e+81 1.10594e+235
-3.11657e+81 -2.87544e+235
4.3632e+81 7.47614e+235
-6.10848e+81 -1.9438e+236
8.55187e+81 5.05387e+236
-1.19726e+82 -1.31401e+237
1.67617e+82 3.41641e+237
-2.34663e+82 -8.88268e+237
3.28529e+82 2.3095e+238
-4.5994e+82 -6.00469e+238
6.43916e+82 1.56122e+239
-9.01483e+82 -4.05917e+239
1.26208e+83 1.05538e+240
-1.76691e+83 -2.744e+240
2.47367e+83 7.1344e+240
-3.46314e+83 -1.85494e+241
4.84839e+83 4.82285e+241
-6.78775e+83 -1.25394e+242
9.50285e+83 3.26025e+242
-1.3304e+84 -8.47665e+242
1.86256e+84 2.20393e+243
-2.60758e+84 -5.73021e+243
3.65061e+84 1.48986e+244
-5.11086e+84 -3.87362e+244
7.1552e+84 1.00714e+245
-1.00173e+85 -2.61857e+245
1.40242e+85 6.80828e+245
-1.96339e+85 -1.77015e+246
2.74874e+85 4.6024e+246
-3.84824e+85 -1.19662e+247
5.38754e+85 3.11122e+247
-7.54255e+85 -8.08918e+247
1.05596e+86 2.10319e+248
-1.47834e+86 -5.46828e+248
2.06968e+86 1.42175e+249
-2.89755e+86 -3.69656e+249
4.05656e+86 9.61105e+249
-5.67919e+86 -2.49887e+250
7.95087e+86 6.49707e+250
-1.11312e+87 -1.68924e+251
1.55837e+87 4.39202e+251
-2.18172e+87 -1.14193e+252
3.0544e+87 2.96901e+252
-4.27617e+87 -7.71942e+252
5.98663e+87 2.00705e+253
-8.38129e+87 -5.21833e+253
1.17338e+88 1.35676e+254
-1.64273e+88 -3.52759e+254
2.29982e+88 9.17173e+254
-3.21975e+88 -2.38465e+255
4.50766e+88 6.20009e+255
-6.31072e+88 -1.61202e+256
8.83501e+88 4.19126e+256
-1.2369e+89 -1.08973e+257
1.73166e+89 2.83329e+257
-2.42433e+89 -7.36656e+257
3.39406e+89 1.91531e+258
-4.75168e+89 -4.97979e+258
6.65235e+89 1.29475e+259
-9.31329e+89 -3.36634e+259
1.30386e+90 8.75249e+259
-1.82541e+90 -2.27565e+260
2.55557e+90 5.91668e+260
-3.57779e+90 -1.53834e+261
5.00891e+90 3.99968e+261
-7.01248e+90 -1.03992e+262
9.81747e+90 2.70378e+262
-1.37445e+91 -7.02983e+262
1.92422e+91 1.82776e+263
-2.69391e+91 -4.75217e+263
3.77148e+91 1.23556e+264
-5.28007e+91 -3.21246e+264
7.3921e+91 8.35241e+264
-1.03489e+92 -2.17163e+265
1.44885e+92 5.64623e+265
-2.02839e+92 -1.46802e+266
2.83975e+92 3.81685e+266
-3.97565e+92 -9.92381e+266
5.56591e+92 2.58019e+267
-7.79227e+92 -6.70849e+267
1.09092e+93 1.74421e+268
-1.52728e+93 -4.53494e+268
2.1382e+93 1.17908e+269
-2.99348e+93 -3.06562e+269
4.19087e+93 7.97061e+269
-5.86722e+93 -2.07236e+270
8.2141e+93 5.38813e+270
-1.14997e+94 -1.40091e+271
1.60996e+94 3.64238e+271
-2.25395e+94 -9.47019e+271
3.15553e+94 2.46225e+272
-4.41774e+94 -6.40185e+272
6.18484e+94 1.66448e+273
-8.65877e+94 -4.32765e+273
1.21223e+95 1.12519e+274
-1.69712e+95 -2.92549e+274
2.37597e+95 7.60627e+274
-3.32635e+95 -1.97763e+275
4.6569e+95 5.14184e+275
-6.51965e+95 -1.33688e+276
9.12752e+95 3.47588e+276
-1.27785e+96 -9.0373e+276
1.78899e+96 2.3497e+277
-2.50459e+96 -6.10921e+277
3.50643e+96 1.5884e+278
-4.909e+96 -4.12983e+278
6.8726e+96 1.07376e+279
-9.62164e+96 -2.79176e+279
1.34703e+97 7.25859e+279
-1.88584e+97 -1.88723e+280
2.64018e+97 4.9068e+280
-3.69625e+97 -1.27577e+281
5.17475e+97 3.317e+281
-7.24465e+97 -8.6242e+281
1.01425e+98 2.24229e+282
-1.41995e+98 -5.82996e+282
1.98793e+98 1.51579e+283
-2.7831e+98 -3.94105e+283
3.89634e+98 1.02467e+284
-5.45488e+98 -2.66415e+284
7.63683e+98 6.92679e+284
-1.06916e+99 -1.80097e+285
1.49682e+99 4.68251e+285
-2.09555e+99 -1.21745e+286
2.93377e+99 3.16538e+286
-4.10727e+99 -8.22998e+286
5.75018e+99 2.1398e+287
-8.05025e+99 -5.56347e+287
1.12704e+100 1.4465e+288
-1.57785e+100 -3.76091e+288
2.20899e+100 9.77835e+288
-3.09259e+100 -2.54237e+289
4.32962e+100 6.61017e+289
-6.06147e+100 -1.71864e+290
8.48606e+100 4.46847e+290
-1.18805e+101 -1.1618e+291
1.66327e+101 3.02069e+291
-2.32857e+101 -7.85379e+291
3.26e+101 2.04198e+292
-4.564e+101 -5.30916e+292
6.38961e+101 1.38038e+293
-8.94545e+101 -3.58899e+293
1.25236e+102 9.33138e+293
-1.75331e+102 -2.42616e+294
2.45463e+102 6.30801e+294
-3.43648e+102 -1.64008e+295
4.81108e+102 4.26422e+295
-6.73551e+102 -1.1087e+296
9.42971e+102 2.88261e+296
-1.32016e+103 -7.49479e+296
1.84822e+103 1.94864e+297
-2.58751e+103 -5.06648e+297
3.62252e+103 1.31728e+298
-5.07152e+103 -3.42494e+298
7.10013e+103 8.90484e+298
-9.94019e+103 -2.31526e+299
1.39163e+104 6.01967e+299
-1.94828e+104 -1.56511e+300
2.72759e+104 4.0693e+300
-3.81862e+104 -1.05802e+301
5.34607e+104 2.75085e+301
-7.4845e+104 -7.1522e+301
1.04783e+105 1.85957e+302
-1.46696e+105 -4.83489e+302
2.05375e+105 1.25707e+303
-2.87525e+105 -3.26838e+303
4.02534e+105 8.4978e+303
-5.63548e+105 -2.20943e+304
7.88967e+105 5.74451e+304
-1.10455e+106 -1.49357e+305
1.54638e+106 3.88329e+305
-2.16493e+106 -inf
3.0309e+106 -nan
